TECHNOLOGIES	 c_inv	 c_maint	 lifetime	  f_min	 f	 f_max	 fmin_perc	f_perc	 fmax_perc	 c_p	 c_p_max	 tau	 gwp_constr
 UNITS	[M€/GW]	 [M€/GW/y]	 [y]	 [GW or GWh]	 [GW or GWh]	 [GW or GWh]	 [0-1]	 [0-1]	 [0-1]	 [0-1]	 [0-1]	 [-]	 [ktCO2-eq./GW or GWh] 
NUCLEAR	0.000000	0.000000	60.000000	0.000000	0.000000	0.000000	0.000000	0.000000	1.000000	0.000000	0.843906	0.025393	0.000000
CCGT	35002.480000	1112.552823	25.000000	8.170000	40.000000	40.000000	0.000000	0.295634	1.000000	0.264208	0.955769	0.048263	7351.600000
CCGT_AMMONIA	0.000000	0.000000	25.000000	0.000000	0.000000	0.000000	0.000000	0.000000	1.000000	0.000000	0.590000	0.048263	0.000000
IMPORTED_COAL_CENTRAL	0.000000	0.000000	35.000000	0.000000	0.000000	0.000000	0.000000	0.000000	1.000000	0.000000	0.862792	0.036934	0.000000
LOCAL_COAL_CENTRAL	17137.211760	816.014859	35.000000	12.240000	12.240000	12.240000	0.000000	0.291332	1.000000	0.850864	0.850864	0.036934	4058.784000
BIOMASS_TO_POWER	0.000000	0.000000	35.000000	0.000000	0.000000	0.000000	0.000000	0.000000	1.000000	0.000000	0.868000	0.036934	0.000000
PV_ROOFTOP	6235.992292	82.201717	25.000000	5.995000	5.995000	5.995000	0.000000	0.029515	1.000000	0.176000	1.000000	0.048263	12478.172850
PV_UTILITY	0.000000	0.000000	25.000000	0.000000	0.000000	0.000000	0.000000	0.000000	1.000000	0.000000	1.000000	0.048263	0.000000
PT_POWER_BLOCK	0.000000	0.000000	25.000000	0.000000	0.000000	0.000000	0.000000	0.000000	1.000000	0.000000	1.000000	0.048263	0.000000
ST_POWER_BLOCK	0.000000	0.000000	25.000000	0.000000	0.000000	0.000000	0.000000	0.000000	1.000000	0.000000	1.000000	0.048263	0.000000
WIND_ONSHORE	7971.111734	204.389725	30.000000	7.591000	7.591000	7.591000	0.000000	0.071136	1.000000	0.335000	1.000000	0.041639	4728.054350
WIND_OFFSHORE	0.000000	0.000000	30.000000	0.000000	0.000000	0.000000	0.000000	0.000000	1.000000	0.000000	1.000000	0.041639	0.000000
HYDRO_DAM	36582.247963	182.903558	40.000000	15.000000	15.677000	15.677000	0.000000	0.156121	1.000000	0.356000	1.000000	0.033427	26539.279627
HYDRO_RIVER	22447.077486	104.749941	40.000000	12.800000	12.826000	12.826000	0.000000	0.127729	1.000000	0.356000	1.000000	0.033427	16196.929239
TIDAL	0.000000	0.000000	40.000000	0.000000	0.000000	0.000000	0.000000	0.000000	1.000000	0.000000	1.000000	0.033427	0.000000
WAVE	0.000000	0.000000	20.000000	0.000000	0.000000	0.000000	0.000000	0.000000	0.000000	0.000000	1.000000	0.058246	0.000000
GEOTHERMAL	5250.370800	275.963880	30.000000	1.200000	1.200000	1.200000	0.000000	0.028533	1.000000	0.850000	0.850000	0.041639	29914.908000
IND_COGEN_GAS	0.000000	0.000000	25.000000	0.000000	0.000000	0.000000	0.000000	0.000000	1.000000	0.000000	0.844900	0.048263	0.000000
IND_COGEN_WOOD	0.000000	0.000000	25.000000	0.000000	0.000000	0.000000	0.000000	0.000000	1.000000	0.000000	0.844900	0.048263	0.000000
IND_COGEN_WASTE	0.000000	0.000000	25.000000	0.000000	0.000000	0.000000	0.000000	0.000000	1.000000	0.000000	0.844900	0.048263	0.000000
IND_BOILER_GAS	740.830228	14.871113	17.000000	7.436300	7.436300	7.436315	0.000000	0.650455	1.000000	0.660401	0.944300	0.067080	91.615216
IND_BOILER_WOOD	0.000000	0.000000	17.000000	0.000000	0.000000	0.000000	0.000000	0.000000	1.000000	0.000000	0.894600	0.067080	0.000000
IND_BOILER_OIL	0.000987	0.000021	17.000000	0.000000	0.000011	Infinity	0.000000	0.000000	1.000000	0.003329	0.944300	0.067080	0.000131
IND_BOILER_COAL	574.803765	11.517685	17.000000	2.950000	2.950000	2.950000	0.000000	0.349545	1.000000	0.894600	0.894600	0.067080	142.131000
IND_BOILER_WASTE	0.001131	0.000023	17.000000	0.000000	0.000006	Infinity	0.000000	0.000000	1.000000	0.003988	0.894600	0.067080	0.000168
IND_DIRECT_ELEC	0.000000	0.000000	15.000000	0.000000	0.000000	0.000000	0.000000	0.000000	1.000000	0.000000	0.944300	0.074944	0.000000
DHN_HP_ELEC	0.000000	0.000000	25.000000	0.000000	0.000000	0.000000	0.000000	0.000000	1.000000	0.000000	0.944300	0.048263	0.000000
DHN_COGEN_GAS	3230.509632	94.453296	25.000000	1.680000	1.680000	1.680000	0.000000	0.177619	1.000000	0.844900	0.844900	0.048263	824.678400
DHN_COGEN_WOOD	0.025452	0.000932	25.000000	0.000000	0.000015	Infinity	0.000000	0.000000	1.000000	0.016459	0.844900	0.048263	0.002540
DHN_COGEN_WASTE	73.502294	2.709678	25.000000	0.016350	0.016350	Infinity	0.000000	0.000778	1.000000	0.380157	0.844900	0.048263	10.591903
DHN_COGEN_WET_BIOMASS	0.000000	0.000000	25.000000	0.000000	0.000000	Infinity	0.000000	0.000000	1.000000	0.000000	0.745500	0.048263	0.000000
DHN_COGEN_BIO_HYDROLYSIS	0.000000	0.000000	15.000000	0.000000	0.000000	Infinity	0.000000	0.000000	1.000000	0.000000	0.844900	0.074944	0.000000
DHN_BOILER_GAS	0.000000	0.000000	17.000000	0.000000	0.000000	0.000000	0.000000	0.000000	1.000000	0.000000	0.944300	0.067080	0.000000
DHN_BOILER_WOOD	1142.119739	22.841623	17.000000	0.000000	5.850376	Infinity	0.000000	0.493936	1.000000	0.674703	0.894600	0.067080	168.900351
DHN_BOILER_OIL	0.000000	0.000000	17.000000	0.000000	0.000000	0.000000	0.000000	0.000000	1.000000	0.000000	0.944300	0.067080	0.000000
DHN_DEEP_GEO	6943.934085	260.171710	30.000000	3.050000	3.050000	3.050000	0.000000	0.322462	1.000000	0.844900	0.844900	0.041639	2466.718000
DHN_SOLAR	107.729157	0.127080	30.000000	0.000000	0.200000	0.200000	0.000000	0.005206	1.000000	0.208000	1.000000	0.041639	44.243982
DEC_HP_ELEC	3980.851828	166.297000	18.000000	3.000000	5.000000	5.000000	0.000000	0.054936	1.000000	0.489855	1.000000	0.063806	824.450000
DEC_THHP_GAS	0.000000	0.000000	20.000000	0.000000	0.000000	0.000000	0.000000	0.000000	1.000000	0.000000	1.000000	0.058246	0.000000
DEC_COGEN_GAS	0.000000	0.000000	20.000000	0.000000	0.000000	0.000000	0.000000	0.000000	1.000000	0.000000	1.000000	0.058246	0.000000
DEC_COGEN_OIL	0.000000	0.000000	20.000000	0.000000	0.000000	0.000000	0.000000	0.000000	1.000000	0.000000	1.000000	0.058246	0.000000
DEC_ADVCOGEN_GAS	0.000000	0.000000	20.000000	0.000000	0.000000	0.000000	0.000000	0.000000	1.000000	0.000000	1.000000	0.058246	0.000000
DEC_ADVCOGEN_H2	0.000000	0.000000	20.000000	0.000000	0.000000	0.000000	0.000000	0.000000	1.000000	0.000000	1.000000	0.058246	0.000000
DEC_BOILER_GAS	7581.486142	227.926875	17.000000	22.462000	28.270000	28.270000	0.000000	0.310396	1.000000	0.489517	1.000000	0.067080	596.214300
DEC_BOILER_WOOD	0.009638	0.000338	17.000000	0.000000	0.000012	Infinity	0.000000	0.000000	1.000000	0.050338	1.000000	0.067080	0.000260
COAL_STOVE	11734.272314	411.379500	17.000000	6.580000	15.000000	15.000000	0.000000	0.218391	1.000000	0.649115	1.000000	0.067080	316.350000
DEC_BOILER_OIL	5520.097664	331.728840	17.000000	21.930000	22.918155	Infinity	0.000000	0.233953	1.000000	0.455122	1.000000	0.067080	483.343897
DEC_SOLAR	5628.003390	62.563332	20.000000	5.270000	5.270000	5.270000	0.000000	0.024586	1.000000	0.208000	1.000000	0.058246	1165.829400
DEC_DIRECT_ELEC	903.712150	3.957240	15.000000	3.000000	14.700000	14.700000	0.000000	0.157737	1.000000	0.478404	1.000000	0.074944	21.609000
DEC_THHP_GAS_COLD	0.000000	0.000000	20.000000	0.000000	0.000000	0.000000	0.000000	0.000000	1.000000	0.000000	1.000000	0.058246	0.000000
DEC_ELEC_COLD	386183.216950	16168.099682	18.000000	0.000000	517.975898	Infinity	0.000000	1.000000	1.000000	0.053056	1.000000	0.063806	85409.045830
IND_ELEC_COLD	1927.870884	15.655598	20.000000	0.000000	2.056597	Infinity	0.000000	1.000000	1.000000	0.950000	0.950000	0.058246	359.472585
TRAMWAY_TROLLEY	0.000000	0.000000	30.000000	0.000000	0.000000	Infinity	0.000000	0.000000	0.000000	0.000000	0.342466	0.041639	0.000000
BUS_COACH_DIESEL	35825.818964	1893.235410	15.000000	0.000000	43.889082	Infinity	0.000000	0.890000	1.000000	0.296804	0.296804	0.074944	0.000000
BUS_COACH_GASOLINE	0.000000	0.000000	15.000000	0.000000	0.000000	0.000000	0.000000	0.000000	1.000000	0.000000	0.296804	0.074944	0.000000
BUS_COACH_HYDIESEL	0.000000	0.000000	15.000000	0.000000	0.000000	Infinity	0.000000	0.000000	0.000000	0.000000	0.296804	0.074944	0.000000
BUS_COACH_CNG_STOICH	0.000000	0.000000	15.000000	0.000000	0.000000	Infinity	0.000000	0.000000	0.000000	0.000000	0.296804	0.074944	0.000000
BUS_COACH_FC_HYBRIDH2	0.000000	0.000000	15.000000	0.000000	0.000000	Infinity	0.000000	0.000000	0.000000	0.000000	0.296804	0.074944	0.000000
TRAIN_PUB	12449.968076	448.465287	40.000000	0.000000	5.853028	Infinity	0.110000	0.110000	0.110000	0.275073	0.275073	0.033427	0.000000
MOTORCYCLE	0.000000	0.000000	10.000000	0.000000	0.000000	0.000000	0.000000	0.000000	1.000000	0.000000	0.051370	0.108434	0.000000
CAR_GASOLINE	32619.585969	1973.399706	10.000000	0.000000	58.216674	Infinity	0.120000	0.120000	0.120000	0.051370	0.051370	0.108434	0.000000
CAR_DIESEL	140497.074528	8222.498803	10.000000	0.000000	242.569476	Infinity	0.000000	0.500000	1.000000	0.051370	0.051370	0.108434	0.000000
CAR_NG	106827.154262	6249.099091	10.000000	0.000000	184.352802	Infinity	0.380000	0.380000	0.380000	0.051370	0.051370	0.108434	0.000000
CAR_METHANOL	0.000000	0.000000	10.000000	0.000000	0.000000	Infinity	0.000000	0.000000	0.000000	0.000000	0.051370	0.108434	0.000000
CAR_HEV	0.000000	0.000000	10.000000	0.000000	0.000000	Infinity	0.000000	0.000000	0.000000	0.000000	0.051370	0.108434	0.000000
CAR_PHEV	0.030568	0.002195	10.000000	0.000000	0.000046	Infinity	0.000000	0.000000	0.000000	0.000000	0.051370	0.108434	0.000000
MOTORCYCLE_ELECTRIC	0.000000	0.000000	10.000000	0.000000	0.000000	0.000000	0.000000	0.000000	1.000000	0.000000	0.051370	0.108434	0.000000
CAR_BEV	0.046532	0.000760	10.000000	0.000000	0.000054	Infinity	0.000000	0.000000	0.000000	0.000000	0.051370	0.108434	0.000000
CAR_FUEL_CELL	0.000000	0.000000	10.000000	0.000000	0.000000	Infinity	0.000000	0.000000	0.000000	0.000000	0.051370	0.108434	0.000000
TRAIN_FREIGHT	547.052200	10.961419	40.000000	0.000000	3.716365	Infinity	0.000000	1.000000	1.000000	0.342466	0.342466	0.033427	0.000000
BOAT_FREIGHT_DIESEL	0.000000	0.000000	40.000000	0.000000	0.000000	Infinity	0.000000	0.000000	0.000000	0.000000	0.114155	0.033427	0.000000
BOAT_FREIGHT_NG	0.000000	0.000000	40.000000	0.000000	0.000000	Infinity	0.000000	0.000000	0.000000	0.000000	0.114155	0.033427	0.000000
BOAT_FREIGHT_METHANOL	0.000000	0.000000	40.000000	0.000000	0.000000	Infinity	0.000000	0.000000	0.000000	0.000000	0.114155	0.033427	0.000000
TRUCK_DIESEL	163217.686969	8645.718468	15.000000	0.000000	329.891043	Infinity	0.000000	1.000000	1.000000	0.092593	0.092593	0.074944	0.000000
TRUCK_GASOLINE	0.000000	0.000000	15.000000	0.000000	0.000000	0.000000	0.000000	0.000000	1.000000	0.000000	0.092593	0.074944	0.000000
TRUCK_METHANOL	0.000000	0.000000	15.000000	0.000000	0.000000	Infinity	0.000000	0.000000	0.000000	0.000000	0.092593	0.074944	0.000000
TRUCK_FUEL_CELL	0.000000	0.000000	15.000000	0.000000	0.000000	Infinity	0.000000	0.000000	0.000000	0.000000	0.092593	0.074944	0.000000
TRUCK_ELEC	0.000000	0.000000	15.000000	0.000000	0.000000	Infinity	0.000000	0.000000	0.000000	0.000000	0.092593	0.074944	0.000000
TRUCK_NG	0.000000	0.000000	15.000000	0.000000	0.000000	Infinity	0.000000	0.000000	0.000000	0.000000	0.092593	0.074944	0.000000
HABER_BOSCH	0.000000	0.000000	20.000000	0.000000	0.000000	0.000000	0.000000	0.000000	1.000000	0.000000	0.994000	0.058246	0.000000
OIL_TO_HVC	4454.221956	23.681043	15.000000	0.000000	7.015150	Infinity	0.000000	1.000000	1.000000	0.994000	0.994000	0.074944	0.000000
GAS_TO_HVC	0.000000	0.000000	25.000000	0.000000	0.000000	0.000000	0.000000	0.000000	1.000000	0.000000	0.994000	0.048263	0.000000
BIOMASS_TO_HVC	0.000000	0.000000	20.000000	0.000000	0.000000	0.000000	0.000000	0.000000	1.000000	0.000000	0.994000	0.058246	0.000000
METHANOL_TO_HVC	0.000000	0.000000	20.000000	0.000000	0.000000	0.000000	0.000000	0.000000	1.000000	0.000000	0.994000	0.058246	0.000000
SYN_METHANOLATION	0.001333	0.000038	20.000000	0.000000	0.000000	Infinity	0.000000	0.315375	1.000000	0.000050	0.944300	0.058246	0.000000
METHANE_TO_METHANOL	0.001173	0.000051	25.000000	0.000000	0.000001	Infinity	0.000000	0.344340	1.000000	0.000055	0.844900	0.048263	0.000000
BIOMASS_TO_METHANOL	0.001463	0.000022	20.000000	0.000000	0.000000	Infinity	0.000000	0.340285	1.000000	0.000054	0.994000	0.058246	0.000000
DAM_STORAGE	0.000000	0.000000	40.000000	6750.000000	7054.649965	7054.650000	0.000000	-1.000000	1.000000	0.000404	1.000000	0.033427	
PHS	0.000000	0.000000	50.000000	0.000000	0.000000	0.000000	0.000000	-1.000000	1.000000	0.000000	1.000000	0.028572	
BATT_LI	157581.843440	244.082822	15.000000	0.000000	222.988144	Infinity	0.000000	-1.000000	1.000000	0.006056	1.000000	0.074944	
BEV_BATT	0.000000	0.000000	1.000000	0.000000	0.000053	Infinity	0.000000	-1.000000	1.000000	0.003268	1.000000	1.015000	
PHEV_BATT	0.000000	0.000000	1.000000	0.000000	0.000009	Infinity	0.000000	-1.000000	1.000000	0.000571	1.000000	1.015000	
TS_DEC_DIRECT_ELEC	447.069467	3.136273	20.000000	0.000000	16.717871	Infinity	0.000000	-1.000000	1.000000	0.019096	1.000000	0.058246	
TS_DEC_HP_ELEC	214.078365	1.501798	20.000000	0.000000	8.005321	Infinity	0.000000	-1.000000	1.000000	0.014555	1.000000	0.058246	
TS_DEC_THHP_GAS	0.000000	0.000000	20.000000	0.000000	0.000000	0.000000	0.000000	-1.000000	1.000000	0.000000	1.000000	0.058246	
TS_DEC_COGEN_GAS	0.004833	0.000034	20.000000	0.000000	0.000181	Infinity	0.000000	-1.000000	1.000000	0.000964	1.000000	0.058246	
TS_DEC_COGEN_OIL	0.004833	0.000034	20.000000	0.000000	0.000181	Infinity	0.000000	-1.000000	1.000000	0.000964	1.000000	0.058246	
TS_DEC_ADVCOGEN_GAS	0.004833	0.000034	20.000000	0.000000	0.000181	Infinity	0.000000	-1.000000	1.000000	0.000964	1.000000	0.058246	
TS_DEC_ADVCOGEN_H2	0.004833	0.000034	20.000000	0.000000	0.000181	Infinity	0.000000	-1.000000	1.000000	0.000964	1.000000	0.058246	
TS_DEC_BOILER_GAS	406.148775	2.849207	20.000000	0.000000	15.187669	Infinity	0.000000	-1.000000	1.000000	0.030099	1.000000	0.058246	
TS_DEC_BOILER_WOOD	0.004894	0.000034	20.000000	0.000000	0.000183	Infinity	0.000000	-1.000000	1.000000	0.005974	1.000000	0.058246	
TS_COAL_STOVE	5195.364985	36.446419	20.000000	0.000000	194.277288	Infinity	0.000000	-1.000000	1.000000	0.007912	1.000000	0.058246	
TS_DEC_BOILER_OIL	401.305420	2.815230	20.000000	0.000000	15.006555	Infinity	0.000000	-1.000000	1.000000	0.023891	1.000000	0.058246	
TS_DHN_DAILY	0.021947	0.000063	40.000000	0.000000	0.005190	Infinity	0.000000	-1.000000	1.000000	0.000261	1.000000	0.033427	
TS_DHN_SEASONAL	531.180373	2.700917	25.000000	0.000000	638.650576	Infinity	0.000000	-1.000000	1.000000	0.001610	1.000000	0.048263	
TS_HIGH_TEMP	0.007641	0.000082	25.000000	0.000000	0.000193	Infinity	0.000000	-1.000000	1.000000	0.022426	1.000000	0.048263	
GAS_STORAGE	2309.271821	60.464311	50.000000	0.000000	32762.599436	Infinity	0.000000	-1.000000	1.000000	0.000165	1.000000	0.028572	
H2_STORAGE	0.029279	0.001848	20.000000	0.000000	0.003355	Infinity	0.000000	-1.000000	1.000000	0.000019	1.000000	0.058246	
DIESEL_STORAGE	0.030358	0.001205	20.000000	0.000000	2.153518	Infinity	0.000000	-1.000000	1.000000	0.000225	1.000000	0.058246	
GASOLINE_STORAGE	0.030578	0.001214	20.000000	0.000000	2.169089	Infinity	0.000000	-1.000000	1.000000	0.000288	1.000000	0.058246	
LFO_STORAGE	0.030318	0.001204	20.000000	0.000000	2.150654	Infinity	0.000000	-1.000000	1.000000	0.000035	1.000000	0.058246	
AMMONIA_STORAGE	0.000000	0.000000	20.000000	0.000000	0.000000	Infinity	0.000000	-1.000000	1.000000	0.000000	1.000000	0.058246	
METHANOL_STORAGE	0.029059	0.001154	20.000000	0.000000	2.061376	Infinity	0.000000	-1.000000	1.000000	0.000000	1.000000	0.058246	
CO2_STORAGE	0.078082	0.000781	30.000000	0.000000	0.001119	Infinity	0.000000	-1.000000	1.000000	0.000001	1.000000	0.041639	
PT_STORAGE	0.029943	0.000299	25.000000	0.000000	0.000575	Infinity	0.000000	-1.000000	1.000000	0.000000	1.000000	0.048263	
ST_STORAGE	0.029976	0.000300	25.000000	0.000000	0.001113	Infinity	0.000000	-1.000000	1.000000	0.000000	1.000000	0.048263	
TS_COLD	0.000000	0.000000	20.000000	0.000000	0.000000	0.000000	0.000000	-1.000000	1.000000	0.000000	1.000000	0.058246	
CAES	0.000000	0.000000	50.000000	0.000000	0.000000	0.000000	0.000000	-1.000000	1.000000	0.000000	1.000000	0.028572	
EFFICIENCY	0.000000	0.000000	1.000000	0.000000	0.985222	Infinity	0.000000	-1.000000	1.000000	0.000000	1.000000	1.015000	
H2_INFRASTRUCTURE	0.000000	0.000000	60.000000	0.000000	0.000000	Infinity	0.000000	-1.000000	1.000000	0.000000	1.000000	0.025393	
CHARGING_STATION	0.000000	0.000000	10.000000	0.000000	0.000000	Infinity	0.000000	-1.000000	1.000000	0.000000	1.000000	0.108434	
DHN	12570.031320	0.000000	60.000000	0.000000	10.796742	Infinity	0.000000	-1.000000	1.000000	0.000000	1.000000	0.025393	
GRID	105613.398882	0.000000	80.000000	0.000000	1.000000	Infinity	0.000000	-1.000000	1.000000	0.000000	1.000000	0.021548	
HVAC_LINE	0.000000	0.000000	40.000000	0.000000	0.000000	0.000000	0.000000	-1.000000	1.000000	0.000000	1.000000	0.033427	
PT_COLLECTOR	0.000000	0.000000	25.000000	0.000000	0.000000	0.000000	0.000000	-1.000000	1.000000	0.000000	1.000000	0.048263	
ST_COLLECTOR	0.000000	0.000000	25.000000	0.000000	0.000000	0.000000	0.000000	-1.000000	1.000000	0.000000	1.000000	0.048263	
H2_ELECTROLYSIS	0.000000	0.000000	15.000000	0.000000	0.000000	0.000000	0.000000	-1.000000	1.000000	0.000000	0.894600	0.074944	
SMR	0.000000	0.000000	25.000000	0.000000	0.000000	0.000000	0.000000	-1.000000	1.000000	0.000000	0.854840	0.048263	
H2_BIOMASS	0.002675	0.000188	25.000000	0.000000	0.000000	Infinity	0.000000	-1.000000	1.000000	0.002801	0.854840	0.048263	
GASIFICATION_SNG	0.001548	0.000109	25.000000	0.000000	0.000000	Infinity	0.000000	-1.000000	1.000000	0.001095	0.844900	0.048263	
SYN_METHANATION	0.000433	0.000111	40.000000	0.000000	0.000001	Infinity	0.000000	-1.000000	1.000000	0.001173	1.000000	0.033427	
BIOMETHANATION	0.000000	0.000000	20.000000	0.000000	0.000000	Infinity	0.000000	-1.000000	1.000000	0.000000	0.844900	0.058246	
BIO_HYDROLYSIS	0.000000	0.000000	15.000000	0.000000	0.000000	Infinity	0.000000	-1.000000	1.000000	0.000000	0.844900	0.074944	
PYROLYSIS_TO_LFO	0.000000	0.000000	25.000000	0.000000	0.000000	0.000000	0.000000	-1.000000	1.000000	0.000000	0.844900	0.048263	
PYROLYSIS_TO_FUELS	0.000000	0.000000	25.000000	0.000000	0.000000	0.000000	0.000000	-1.000000	1.000000	0.000000	0.844900	0.048263	
ATM_CCS	0.002156	0.000054	40.000000	0.000000	0.000000	Infinity	0.000000	-1.000000	1.000000	0.000239	1.000000	0.033427	
INDUSTRY_CCS	0.000000	0.000000	40.000000	0.000000	0.000000	0.000000	0.000000	-1.000000	1.000000	0.000000	1.000000	0.033427	
AMMONIA_TO_H2	0.000000	0.000000	25.000000	0.000000	0.000000	0.000000	0.000000	-1.000000	1.000000	0.000000	0.854840	0.048263	