Storage tech	Year flux [TWh]ELECTRICITY	GASOLINE	DIESEL	LFO	GAS	WOOD	WET_BIOMASS	IMPORTED_COAL	LOCAL_COAL	URANIUM	WASTE	H2	AMMONIA	METHANOL	RES_WIND	RES_SOLAR	RES_HYDRO	RES_GEO	CO2_ATM	CO2_INDUSTRY	CO2_CAPTURED	PT_HEAT	ST_HEAT	HEAT_HIGH_T	HEAT_LOW_T_DHN	HEAT_LOW_T_DECEN	SPACE_COOLING	PROCESS_COOLING	MOB_PUBLIC	MOB_PRIVATE	MOB_FREIGHT_RAIL	MOB_FREIGHT_BOAT	MOB_FREIGHT_ROAD	HVC	
 DAM_STORAGE	39813.539209	8.760000	8.760000	8.760000	8.760000	8.760000	8.760000	8.760000	8.760000	8.760000	8.760000	8.760000	8.760000	8.760000	8.760000	8.760000	8.760000	8.760000	8.760000	8.760000	8.760000	8.760000	8.760000	8.760000	8.760000	8.760000	8.760000	8.760000	8.760000	8.760000	8.760000	8.760000	8.760000	8.760000
 PHS	28396.076309	8.760000	8.760000	8.760000	8.760000	8.760000	8.760000	8.760000	8.760000	8.760000	8.760000	8.760000	8.760000	8.760000	8.760000	8.760000	8.760000	8.760000	8.760000	8.760000	8.760000	8.760000	8.760000	8.760000	8.760000	8.760000	8.760000	8.760000	8.760000	8.760000	8.760000	8.760000	8.760000	8.760000
 BATT_LI	8.760000	8.760000	8.760000	8.760000	8.760000	8.760000	8.760000	8.760000	8.760000	8.760000	8.760000	8.760000	8.760000	8.760000	8.760000	8.760000	8.760000	8.760000	8.760000	8.760000	8.760000	8.760000	8.760000	8.760000	8.760000	8.760000	8.760000	8.760000	8.760000	8.760000	8.760000	8.760000	8.760000	8.760000
 BEV_BATT	18974.226591	8.760000	8.760000	8.760000	8.760000	8.760000	8.760000	8.760000	8.760000	8.760000	8.760000	8.760000	8.760000	8.760000	8.760000	8.760000	8.760000	8.760000	8.760000	8.760000	8.760000	8.760000	8.760000	8.760000	8.760000	8.760000	8.760000	8.760000	8.760000	8.760000	8.760000	8.760000	8.760000	8.760000
 PHEV_BATT	8.760000	8.760000	8.760000	8.760000	8.760000	8.760000	8.760000	8.760000	8.760000	8.760000	8.760000	8.760000	8.760000	8.760000	8.760000	8.760000	8.760000	8.760000	8.760000	8.760000	8.760000	8.760000	8.760000	8.760000	8.760000	8.760000	8.760000	8.760000	8.760000	8.760000	8.760000	8.760000	8.760000	8.760000
 TS_DEC_DIRECT_ELEC	8.760000	8.760000	8.760000	8.760000	8.760000	8.760000	8.760000	8.760000	8.760000	8.760000	8.760000	8.760000	8.760000	8.760000	8.760000	8.760000	8.760000	8.760000	8.760000	8.760000	8.760000	8.760000	8.760000	8.760000	8.760000	9194.203103	8.760000	8.760000	8.760000	8.760000	8.760000	8.760000	8.760000	8.760000
 TS_DEC_HP_ELEC	8.760000	8.760000	8.760000	8.760000	8.760000	8.760000	8.760000	8.760000	8.760000	8.760000	8.760000	8.760000	8.760000	8.760000	8.760000	8.760000	8.760000	8.760000	8.760000	8.760000	8.760000	8.760000	8.760000	8.760000	8.760000	88330.503438	8.760000	8.760000	8.760000	8.760000	8.760000	8.760000	8.760000	8.760000
 TS_DEC_THHP_GAS	8.760000	8.760000	8.760000	8.760000	8.760000	8.760000	8.760000	8.760000	8.760000	8.760000	8.760000	8.760000	8.760000	8.760000	8.760000	8.760000	8.760000	8.760000	8.760000	8.760000	8.760000	8.760000	8.760000	8.760000	8.760000	8.760000	8.760000	8.760000	8.760000	8.760000	8.760000	8.760000	8.760000	8.760000
 TS_DEC_COGEN_GAS	8.760000	8.760000	8.760000	8.760000	8.760000	8.760000	8.760000	8.760000	8.760000	8.760000	8.760000	8.760000	8.760000	8.760000	8.760000	8.760000	8.760000	8.760000	8.760000	8.760000	8.760000	8.760000	8.760000	8.760000	8.760000	8.760000	8.760000	8.760000	8.760000	8.760000	8.760000	8.760000	8.760000	8.760000
 TS_DEC_COGEN_OIL	8.760000	8.760000	8.760000	8.760000	8.760000	8.760000	8.760000	8.760000	8.760000	8.760000	8.760000	8.760000	8.760000	8.760000	8.760000	8.760000	8.760000	8.760000	8.760000	8.760000	8.760000	8.760000	8.760000	8.760000	8.760000	8.760000	8.760000	8.760000	8.760000	8.760000	8.760000	8.760000	8.760000	8.760000
 TS_DEC_ADVCOGEN_GAS	8.760000	8.760000	8.760000	8.760000	8.760000	8.760000	8.760000	8.760000	8.760000	8.760000	8.760000	8.760000	8.760000	8.760000	8.760000	8.760000	8.760000	8.760000	8.760000	8.760000	8.760000	8.760000	8.760000	8.760000	8.760000	8.760000	8.760000	8.760000	8.760000	8.760000	8.760000	8.760000	8.760000	8.760000
 TS_DEC_ADVCOGEN_H2	8.760000	8.760000	8.760000	8.760000	8.760000	8.760000	8.760000	8.760000	8.760000	8.760000	8.760000	8.760000	8.760000	8.760000	8.760000	8.760000	8.760000	8.760000	8.760000	8.760000	8.760000	8.760000	8.760000	8.760000	8.760000	8.760000	8.760000	8.760000	8.760000	8.760000	8.760000	8.760000	8.760000	8.760000
 TS_DEC_BOILER_GAS	8.760000	8.760000	8.760000	8.760000	8.760000	8.760000	8.760000	8.760000	8.760000	8.760000	8.760000	8.760000	8.760000	8.760000	8.760000	8.760000	8.760000	8.760000	8.760000	8.760000	8.760000	8.760000	8.760000	8.760000	8.760000	8.760000	8.760000	8.760000	8.760000	8.760000	8.760000	8.760000	8.760000	8.760000
 TS_DEC_BOILER_WOOD	8.760000	8.760000	8.760000	8.760000	8.760000	8.760000	8.760000	8.760000	8.760000	8.760000	8.760000	8.760000	8.760000	8.760000	8.760000	8.760000	8.760000	8.760000	8.760000	8.760000	8.760000	8.760000	8.760000	8.760000	8.760000	8.760000	8.760000	8.760000	8.760000	8.760000	8.760000	8.760000	8.760000	8.760000
 TS_COAL_STOVE	8.760000	8.760000	8.760000	8.760000	8.760000	8.760000	8.760000	8.760000	8.760000	8.760000	8.760000	8.760000	8.760000	8.760000	8.760000	8.760000	8.760000	8.760000	8.760000	8.760000	8.760000	8.760000	8.760000	8.760000	8.760000	8.760000	8.760000	8.760000	8.760000	8.760000	8.760000	8.760000	8.760000	8.760000
 TS_DEC_BOILER_OIL	8.760000	8.760000	8.760000	8.760000	8.760000	8.760000	8.760000	8.760000	8.760000	8.760000	8.760000	8.760000	8.760000	8.760000	8.760000	8.760000	8.760000	8.760000	8.760000	8.760000	8.760000	8.760000	8.760000	8.760000	8.760000	8.760000	8.760000	8.760000	8.760000	8.760000	8.760000	8.760000	8.760000	8.760000
 TS_DHN_DAILY	8.760000	8.760000	8.760000	8.760000	8.760000	8.760000	8.760000	8.760000	8.760000	8.760000	8.760000	8.760000	8.760000	8.760000	8.760000	8.760000	8.760000	8.760000	8.760000	8.760000	8.760000	8.760000	8.760000	8.760000	8.760000	8.760000	8.760000	8.760000	8.760000	8.760000	8.760000	8.760000	8.760000	8.760000
 TS_DHN_SEASONAL	8.760000	8.760000	8.760000	8.760000	8.760000	8.760000	8.760000	8.760000	8.760000	8.760000	8.760000	8.760000	8.760000	8.760000	8.760000	8.760000	8.760000	8.760000	8.760000	8.760000	8.760000	8.760000	8.760000	8.760000	70334.596118	8.760000	8.760000	8.760000	8.760000	8.760000	8.760000	8.760000	8.760000	8.760000
 TS_HIGH_TEMP	8.760000	8.760000	8.760000	8.760000	8.760000	8.760000	8.760000	8.760000	8.760000	8.760000	8.760000	8.760000	8.760000	8.760000	8.760000	8.760000	8.760000	8.760000	8.760000	8.760000	8.760000	8.760000	8.760000	88552.341481	8.760000	8.760000	8.760000	8.760000	8.760000	8.760000	8.760000	8.760000	8.760000	8.760000
 GAS_STORAGE	8.760000	8.760000	8.760000	8.760000	52904.659938	8.760000	8.760000	8.760000	8.760000	8.760000	8.760000	8.760000	8.760000	8.760000	8.760000	8.760000	8.760000	8.760000	8.760000	8.760000	8.760000	8.760000	8.760000	8.760000	8.760000	8.760000	8.760000	8.760000	8.760000	8.760000	8.760000	8.760000	8.760000	8.760000
 H2_STORAGE	8.760000	8.760000	8.760000	8.760000	8.760000	8.760000	8.760000	8.760000	8.760000	8.760000	8.760000	39165.309664	8.760000	8.760000	8.760000	8.760000	8.760000	8.760000	8.760000	8.760000	8.760000	8.760000	8.760000	8.760000	8.760000	8.760000	8.760000	8.760000	8.760000	8.760000	8.760000	8.760000	8.760000	8.760000
 DIESEL_STORAGE	8.760000	8.760000	10.749701	8.760000	8.760000	8.760000	8.760000	8.760000	8.760000	8.760000	8.760000	8.760000	8.760000	8.760000	8.760000	8.760000	8.760000	8.760000	8.760000	8.760000	8.760000	8.760000	8.760000	8.760000	8.760000	8.760000	8.760000	8.760000	8.760000	8.760000	8.760000	8.760000	8.760000	8.760000
 GASOLINE_STORAGE	8.760000	8.760000	8.760000	8.760000	8.760000	8.760000	8.760000	8.760000	8.760000	8.760000	8.760000	8.760000	8.760000	8.760000	8.760000	8.760000	8.760000	8.760000	8.760000	8.760000	8.760000	8.760000	8.760000	8.760000	8.760000	8.760000	8.760000	8.760000	8.760000	8.760000	8.760000	8.760000	8.760000	8.760000
 LFO_STORAGE	8.760000	8.760000	8.760000	8.760000	8.760000	8.760000	8.760000	8.760000	8.760000	8.760000	8.760000	8.760000	8.760000	8.760000	8.760000	8.760000	8.760000	8.760000	8.760000	8.760000	8.760000	8.760000	8.760000	8.760000	8.760000	8.760000	8.760000	8.760000	8.760000	8.760000	8.760000	8.760000	8.760000	8.760000
 AMMONIA_STORAGE	8.760000	8.760000	8.760000	8.760000	8.760000	8.760000	8.760000	8.760000	8.760000	8.760000	8.760000	8.760000	8.760000	8.760000	8.760000	8.760000	8.760000	8.760000	8.760000	8.760000	8.760000	8.760000	8.760000	8.760000	8.760000	8.760000	8.760000	8.760000	8.760000	8.760000	8.760000	8.760000	8.760000	8.760000
 METHANOL_STORAGE	8.760000	8.760000	8.760000	8.760000	8.760000	8.760000	8.760000	8.760000	8.760000	8.760000	8.760000	8.760000	8.760000	9.952681	8.760000	8.760000	8.760000	8.760000	8.760000	8.760000	8.760000	8.760000	8.760000	8.760000	8.760000	8.760000	8.760000	8.760000	8.760000	8.760000	8.760000	8.760000	8.760000	8.760000
 CO2_STORAGE	8.760000	8.760000	8.760000	8.760000	8.760000	8.760000	8.760000	8.760000	8.760000	8.760000	8.760000	8.760000	8.760000	8.760000	8.760000	8.760000	8.760000	8.760000	8.760000	8.760000	8.760000	8.760000	8.760000	8.760000	8.760000	8.760000	8.760000	8.760000	8.760000	8.760000	8.760000	8.760000	8.760000	8.760000
 PT_STORAGE	8.760000	8.760000	8.760000	8.760000	8.760000	8.760000	8.760000	8.760000	8.760000	8.760000	8.760000	8.760000	8.760000	8.760000	8.760000	8.760000	8.760000	8.760000	8.760000	8.760000	8.760000	8.760000	8.760000	8.760000	8.760000	8.760000	8.760000	8.760000	8.760000	8.760000	8.760000	8.760000	8.760000	8.760000
 ST_STORAGE	8.760000	8.760000	8.760000	8.760000	8.760000	8.760000	8.760000	8.760000	8.760000	8.760000	8.760000	8.760000	8.760000	8.760000	8.760000	8.760000	8.760000	8.760000	8.760000	8.760000	8.760000	8.760000	8.760000	8.760000	8.760000	8.760000	8.760000	8.760000	8.760000	8.760000	8.760000	8.760000	8.760000	8.760000
 TS_COLD	8.760000	8.760000	8.760000	8.760000	8.760000	8.760000	8.760000	8.760000	8.760000	8.760000	8.760000	8.760000	8.760000	8.760000	8.760000	8.760000	8.760000	8.760000	8.760000	8.760000	8.760000	8.760000	8.760000	8.760000	8.760000	8.760000	159229.233700	8.760000	8.760000	8.760000	8.760000	8.760000	8.760000	8.760000
 CAES	8.760000	8.760000	8.760000	8.760000	8.760000	8.760000	8.760000	8.760000	8.760000	8.760000	8.760000	8.760000	8.760000	8.760000	8.760000	8.760000	8.760000	8.760000	8.760000	8.760000	8.760000	8.760000	8.760000	8.760000	8.760000	8.760000	8.760000	8.760000	8.760000	8.760000	8.760000	8.760000	8.760000	8.760000