Storage tech	Year flux [TWh]ELECTRICITY	GASOLINE	DIESEL	LFO	GAS	WOOD	WET_BIOMASS	IMPORTED_COAL	LOCAL_COAL	URANIUM	WASTE	H2	AMMONIA	METHANOL	RES_WIND	RES_SOLAR	RES_HYDRO	RES_GEO	CO2_ATM	CO2_INDUSTRY	CO2_CAPTURED	PT_HEAT	ST_HEAT	HEAT_HIGH_T	HEAT_LOW_T_DHN	HEAT_LOW_T_DECEN	SPACE_COOLING	PROCESS_COOLING	MOB_PUBLIC	MOB_PRIVATE	MOB_FREIGHT_RAIL	MOB_FREIGHT_BOAT	MOB_FREIGHT_ROAD	HVC	
 DAM_STORAGE	28998.130288	8.760000	8.760000	8.760000	8.760000	8.760000	8.760000	8.760000	8.760000	8.760000	8.760000	8.760000	8.760000	8.760000	8.760000	8.760000	8.760000	8.760000	8.760000	8.760000	8.760000	8.760000	8.760000	8.760000	8.760000	8.760000	8.760000	8.760000	8.760000	8.760000	8.760000	8.760000	8.760000	8.760000
 PHS	8.760000	8.760000	8.760000	8.760000	8.760000	8.760000	8.760000	8.760000	8.760000	8.760000	8.760000	8.760000	8.760000	8.760000	8.760000	8.760000	8.760000	8.760000	8.760000	8.760000	8.760000	8.760000	8.760000	8.760000	8.760000	8.760000	8.760000	8.760000	8.760000	8.760000	8.760000	8.760000	8.760000	8.760000
 BATT_LI	8.760000	8.760000	8.760000	8.760000	8.760000	8.760000	8.760000	8.760000	8.760000	8.760000	8.760000	8.760000	8.760000	8.760000	8.760000	8.760000	8.760000	8.760000	8.760000	8.760000	8.760000	8.760000	8.760000	8.760000	8.760000	8.760000	8.760000	8.760000	8.760000	8.760000	8.760000	8.760000	8.760000	8.760000
 BEV_BATT	8503.468278	8.760000	8.760000	8.760000	8.760000	8.760000	8.760000	8.760000	8.760000	8.760000	8.760000	8.760000	8.760000	8.760000	8.760000	8.760000	8.760000	8.760000	8.760000	8.760000	8.760000	8.760000	8.760000	8.760000	8.760000	8.760000	8.760000	8.760000	8.760000	8.760000	8.760000	8.760000	8.760000	8.760000
 PHEV_BATT	8.760000	8.760000	8.760000	8.760000	8.760000	8.760000	8.760000	8.760000	8.760000	8.760000	8.760000	8.760000	8.760000	8.760000	8.760000	8.760000	8.760000	8.760000	8.760000	8.760000	8.760000	8.760000	8.760000	8.760000	8.760000	8.760000	8.760000	8.760000	8.760000	8.760000	8.760000	8.760000	8.760000	8.760000
 TS_DEC_DIRECT_ELEC	8.760000	8.760000	8.760000	8.760000	8.760000	8.760000	8.760000	8.760000	8.760000	8.760000	8.760000	8.760000	8.760000	8.760000	8.760000	8.760000	8.760000	8.760000	8.760000	8.760000	8.760000	8.760000	8.760000	8.760000	8.760000	8.760000	8.760000	8.760000	8.760000	8.760000	8.760000	8.760000	8.760000	8.760000
 TS_DEC_HP_ELEC	8.760000	8.760000	8.760000	8.760000	8.760000	8.760000	8.760000	8.760000	8.760000	8.760000	8.760000	8.760000	8.760000	8.760000	8.760000	8.760000	8.760000	8.760000	8.760000	8.760000	8.760000	8.760000	8.760000	8.760000	8.760000	22924.719989	8.760000	8.760000	8.760000	8.760000	8.760000	8.760000	8.760000	8.760000
 TS_DEC_THHP_GAS	8.760000	8.760000	8.760000	8.760000	8.760000	8.760000	8.760000	8.760000	8.760000	8.760000	8.760000	8.760000	8.760000	8.760000	8.760000	8.760000	8.760000	8.760000	8.760000	8.760000	8.760000	8.760000	8.760000	8.760000	8.760000	8.760000	8.760000	8.760000	8.760000	8.760000	8.760000	8.760000	8.760000	8.760000
 TS_DEC_COGEN_GAS	8.760000	8.760000	8.760000	8.760000	8.760000	8.760000	8.760000	8.760000	8.760000	8.760000	8.760000	8.760000	8.760000	8.760000	8.760000	8.760000	8.760000	8.760000	8.760000	8.760000	8.760000	8.760000	8.760000	8.760000	8.760000	8.760000	8.760000	8.760000	8.760000	8.760000	8.760000	8.760000	8.760000	8.760000
 TS_DEC_COGEN_OIL	8.760000	8.760000	8.760000	8.760000	8.760000	8.760000	8.760000	8.760000	8.760000	8.760000	8.760000	8.760000	8.760000	8.760000	8.760000	8.760000	8.760000	8.760000	8.760000	8.760000	8.760000	8.760000	8.760000	8.760000	8.760000	8.760000	8.760000	8.760000	8.760000	8.760000	8.760000	8.760000	8.760000	8.760000
 TS_DEC_ADVCOGEN_GAS	8.760000	8.760000	8.760000	8.760000	8.760000	8.760000	8.760000	8.760000	8.760000	8.760000	8.760000	8.760000	8.760000	8.760000	8.760000	8.760000	8.760000	8.760000	8.760000	8.760000	8.760000	8.760000	8.760000	8.760000	8.760000	8.760000	8.760000	8.760000	8.760000	8.760000	8.760000	8.760000	8.760000	8.760000
 TS_DEC_ADVCOGEN_H2	8.760000	8.760000	8.760000	8.760000	8.760000	8.760000	8.760000	8.760000	8.760000	8.760000	8.760000	8.760000	8.760000	8.760000	8.760000	8.760000	8.760000	8.760000	8.760000	8.760000	8.760000	8.760000	8.760000	8.760000	8.760000	8.760000	8.760000	8.760000	8.760000	8.760000	8.760000	8.760000	8.760000	8.760000
 TS_DEC_BOILER_GAS	8.760000	8.760000	8.760000	8.760000	8.760000	8.760000	8.760000	8.760000	8.760000	8.760000	8.760000	8.760000	8.760000	8.760000	8.760000	8.760000	8.760000	8.760000	8.760000	8.760000	8.760000	8.760000	8.760000	8.760000	8.760000	8.760000	8.760000	8.760000	8.760000	8.760000	8.760000	8.760000	8.760000	8.760000
 TS_DEC_BOILER_WOOD	8.760000	8.760000	8.760000	8.760000	8.760000	8.760000	8.760000	8.760000	8.760000	8.760000	8.760000	8.760000	8.760000	8.760000	8.760000	8.760000	8.760000	8.760000	8.760000	8.760000	8.760000	8.760000	8.760000	8.760000	8.760000	8.760000	8.760000	8.760000	8.760000	8.760000	8.760000	8.760000	8.760000	8.760000
 TS_COAL_STOVE	8.760000	8.760000	8.760000	8.760000	8.760000	8.760000	8.760000	8.760000	8.760000	8.760000	8.760000	8.760000	8.760000	8.760000	8.760000	8.760000	8.760000	8.760000	8.760000	8.760000	8.760000	8.760000	8.760000	8.760000	8.760000	8.760000	8.760000	8.760000	8.760000	8.760000	8.760000	8.760000	8.760000	8.760000
 TS_DEC_BOILER_OIL	8.760000	8.760000	8.760000	8.760000	8.760000	8.760000	8.760000	8.760000	8.760000	8.760000	8.760000	8.760000	8.760000	8.760000	8.760000	8.760000	8.760000	8.760000	8.760000	8.760000	8.760000	8.760000	8.760000	8.760000	8.760000	8.760000	8.760000	8.760000	8.760000	8.760000	8.760000	8.760000	8.760000	8.760000
 TS_DHN_DAILY	8.760000	8.760000	8.760000	8.760000	8.760000	8.760000	8.760000	8.760000	8.760000	8.760000	8.760000	8.760000	8.760000	8.760000	8.760000	8.760000	8.760000	8.760000	8.760000	8.760000	8.760000	8.760000	8.760000	8.760000	8.760000	8.760000	8.760000	8.760000	8.760000	8.760000	8.760000	8.760000	8.760000	8.760000
 TS_DHN_SEASONAL	8.760000	8.760000	8.760000	8.760000	8.760000	8.760000	8.760000	8.760000	8.760000	8.760000	8.760000	8.760000	8.760000	8.760000	8.760000	8.760000	8.760000	8.760000	8.760000	8.760000	8.760000	8.760000	8.760000	8.760000	20432.842773	8.760000	8.760000	8.760000	8.760000	8.760000	8.760000	8.760000	8.760000	8.760000
 TS_HIGH_TEMP	8.760000	8.760000	8.760000	8.760000	8.760000	8.760000	8.760000	8.760000	8.760000	8.760000	8.760000	8.760000	8.760000	8.760000	8.760000	8.760000	8.760000	8.760000	8.760000	8.760000	8.760000	8.760000	8.760000	270.538373	8.760000	8.760000	8.760000	8.760000	8.760000	8.760000	8.760000	8.760000	8.760000	8.760000
 GAS_STORAGE	8.760000	8.760000	8.760000	8.760000	2913.727398	8.760000	8.760000	8.760000	8.760000	8.760000	8.760000	8.760000	8.760000	8.760000	8.760000	8.760000	8.760000	8.760000	8.760000	8.760000	8.760000	8.760000	8.760000	8.760000	8.760000	8.760000	8.760000	8.760000	8.760000	8.760000	8.760000	8.760000	8.760000	8.760000
 H2_STORAGE	8.760000	8.760000	8.760000	8.760000	8.760000	8.760000	8.760000	8.760000	8.760000	8.760000	8.760000	201.753143	8.760000	8.760000	8.760000	8.760000	8.760000	8.760000	8.760000	8.760000	8.760000	8.760000	8.760000	8.760000	8.760000	8.760000	8.760000	8.760000	8.760000	8.760000	8.760000	8.760000	8.760000	8.760000
 DIESEL_STORAGE	8.760000	8.760000	17093.307588	8.760000	8.760000	8.760000	8.760000	8.760000	8.760000	8.760000	8.760000	8.760000	8.760000	8.760000	8.760000	8.760000	8.760000	8.760000	8.760000	8.760000	8.760000	8.760000	8.760000	8.760000	8.760000	8.760000	8.760000	8.760000	8.760000	8.760000	8.760000	8.760000	8.760000	8.760000
 GASOLINE_STORAGE	8.760000	16848.840376	8.760000	8.760000	8.760000	8.760000	8.760000	8.760000	8.760000	8.760000	8.760000	8.760000	8.760000	8.760000	8.760000	8.760000	8.760000	8.760000	8.760000	8.760000	8.760000	8.760000	8.760000	8.760000	8.760000	8.760000	8.760000	8.760000	8.760000	8.760000	8.760000	8.760000	8.760000	8.760000
 LFO_STORAGE	8.760000	8.760000	8.760000	674.797853	8.760000	8.760000	8.760000	8.760000	8.760000	8.760000	8.760000	8.760000	8.760000	8.760000	8.760000	8.760000	8.760000	8.760000	8.760000	8.760000	8.760000	8.760000	8.760000	8.760000	8.760000	8.760000	8.760000	8.760000	8.760000	8.760000	8.760000	8.760000	8.760000	8.760000
 AMMONIA_STORAGE	8.760000	8.760000	8.760000	8.760000	8.760000	8.760000	8.760000	8.760000	8.760000	8.760000	8.760000	8.760000	8.760000	8.760000	8.760000	8.760000	8.760000	8.760000	8.760000	8.760000	8.760000	8.760000	8.760000	8.760000	8.760000	8.760000	8.760000	8.760000	8.760000	8.760000	8.760000	8.760000	8.760000	8.760000
 METHANOL_STORAGE	8.760000	8.760000	8.760000	8.760000	8.760000	8.760000	8.760000	8.760000	8.760000	8.760000	8.760000	8.760000	8.760000	487.691416	8.760000	8.760000	8.760000	8.760000	8.760000	8.760000	8.760000	8.760000	8.760000	8.760000	8.760000	8.760000	8.760000	8.760000	8.760000	8.760000	8.760000	8.760000	8.760000	8.760000
 CO2_STORAGE	8.760000	8.760000	8.760000	8.760000	8.760000	8.760000	8.760000	8.760000	8.760000	8.760000	8.760000	8.760000	8.760000	8.760000	8.760000	8.760000	8.760000	8.760000	8.760000	8.760000	99.010172	8.760000	8.760000	8.760000	8.760000	8.760000	8.760000	8.760000	8.760000	8.760000	8.760000	8.760000	8.760000	8.760000
 PT_STORAGE	8.760000	8.760000	8.760000	8.760000	8.760000	8.760000	8.760000	8.760000	8.760000	8.760000	8.760000	8.760000	8.760000	8.760000	8.760000	8.760000	8.760000	8.760000	8.760000	8.760000	8.760000	8.760000	8.760000	8.760000	8.760000	8.760000	8.760000	8.760000	8.760000	8.760000	8.760000	8.760000	8.760000	8.760000
 ST_STORAGE	8.760000	8.760000	8.760000	8.760000	8.760000	8.760000	8.760000	8.760000	8.760000	8.760000	8.760000	8.760000	8.760000	8.760000	8.760000	8.760000	8.760000	8.760000	8.760000	8.760000	8.760000	8.760000	8.760000	8.760000	8.760000	8.760000	8.760000	8.760000	8.760000	8.760000	8.760000	8.760000	8.760000	8.760000
 TS_COLD	8.760000	8.760000	8.760000	8.760000	8.760000	8.760000	8.760000	8.760000	8.760000	8.760000	8.760000	8.760000	8.760000	8.760000	8.760000	8.760000	8.760000	8.760000	8.760000	8.760000	8.760000	8.760000	8.760000	8.760000	8.760000	8.760000	715.841707	8.760000	8.760000	8.760000	8.760000	8.760000	8.760000	8.760000
 CAES	8.760000	8.760000	8.760000	8.760000	8.760000	8.760000	8.760000	8.760000	8.760000	8.760000	8.760000	8.760000	8.760000	8.760000	8.760000	8.760000	8.760000	8.760000	8.760000	8.760000	8.760000	8.760000	8.760000	8.760000	8.760000	8.760000	8.760000	8.760000	8.760000	8.760000	8.760000	8.760000	8.760000	8.760000