Storage tech	Year flux [TWh]ELECTRICITY	GASOLINE	DIESEL	LFO	GAS	WOOD	WET_BIOMASS	IMPORTED_COAL	LOCAL_COAL	URANIUM	WASTE	H2	AMMONIA	METHANOL	RES_WIND	RES_SOLAR	RES_HYDRO	RES_GEO	CO2_ATM	CO2_INDUSTRY	CO2_CAPTURED	PT_HEAT	ST_HEAT	HEAT_HIGH_T	HEAT_LOW_T_DHN	HEAT_LOW_T_DECEN	SPACE_COOLING	PROCESS_COOLING	MOB_PUBLIC	MOB_PRIVATE	MOB_FREIGHT_RAIL	MOB_FREIGHT_BOAT	MOB_FREIGHT_ROAD	HVC	
 DAM_STORAGE	26490.033114	8.760000	8.760000	8.760000	8.760000	8.760000	8.760000	8.760000	8.760000	8.760000	8.760000	8.760000	8.760000	8.760000	8.760000	8.760000	8.760000	8.760000	8.760000	8.760000	8.760000	8.760000	8.760000	8.760000	8.760000	8.760000	8.760000	8.760000	8.760000	8.760000	8.760000	8.760000	8.760000	8.760000
 PHS	8.760000	8.760000	8.760000	8.760000	8.760000	8.760000	8.760000	8.760000	8.760000	8.760000	8.760000	8.760000	8.760000	8.760000	8.760000	8.760000	8.760000	8.760000	8.760000	8.760000	8.760000	8.760000	8.760000	8.760000	8.760000	8.760000	8.760000	8.760000	8.760000	8.760000	8.760000	8.760000	8.760000	8.760000
 BATT_LI	8.760000	8.760000	8.760000	8.760000	8.760000	8.760000	8.760000	8.760000	8.760000	8.760000	8.760000	8.760000	8.760000	8.760000	8.760000	8.760000	8.760000	8.760000	8.760000	8.760000	8.760000	8.760000	8.760000	8.760000	8.760000	8.760000	8.760000	8.760000	8.760000	8.760000	8.760000	8.760000	8.760000	8.760000
 BEV_BATT	6785.318172	8.760000	8.760000	8.760000	8.760000	8.760000	8.760000	8.760000	8.760000	8.760000	8.760000	8.760000	8.760000	8.760000	8.760000	8.760000	8.760000	8.760000	8.760000	8.760000	8.760000	8.760000	8.760000	8.760000	8.760000	8.760000	8.760000	8.760000	8.760000	8.760000	8.760000	8.760000	8.760000	8.760000
 PHEV_BATT	8.760000	8.760000	8.760000	8.760000	8.760000	8.760000	8.760000	8.760000	8.760000	8.760000	8.760000	8.760000	8.760000	8.760000	8.760000	8.760000	8.760000	8.760000	8.760000	8.760000	8.760000	8.760000	8.760000	8.760000	8.760000	8.760000	8.760000	8.760000	8.760000	8.760000	8.760000	8.760000	8.760000	8.760000
 TS_DEC_DIRECT_ELEC	8.760000	8.760000	8.760000	8.760000	8.760000	8.760000	8.760000	8.760000	8.760000	8.760000	8.760000	8.760000	8.760000	8.760000	8.760000	8.760000	8.760000	8.760000	8.760000	8.760000	8.760000	8.760000	8.760000	8.760000	8.760000	8.760000	8.760000	8.760000	8.760000	8.760000	8.760000	8.760000	8.760000	8.760000
 TS_DEC_HP_ELEC	8.760000	8.760000	8.760000	8.760000	8.760000	8.760000	8.760000	8.760000	8.760000	8.760000	8.760000	8.760000	8.760000	8.760000	8.760000	8.760000	8.760000	8.760000	8.760000	8.760000	8.760000	8.760000	8.760000	8.760000	8.760000	28333.992925	8.760000	8.760000	8.760000	8.760000	8.760000	8.760000	8.760000	8.760000
 TS_DEC_THHP_GAS	8.760000	8.760000	8.760000	8.760000	8.760000	8.760000	8.760000	8.760000	8.760000	8.760000	8.760000	8.760000	8.760000	8.760000	8.760000	8.760000	8.760000	8.760000	8.760000	8.760000	8.760000	8.760000	8.760000	8.760000	8.760000	8.760000	8.760000	8.760000	8.760000	8.760000	8.760000	8.760000	8.760000	8.760000
 TS_DEC_COGEN_GAS	8.760000	8.760000	8.760000	8.760000	8.760000	8.760000	8.760000	8.760000	8.760000	8.760000	8.760000	8.760000	8.760000	8.760000	8.760000	8.760000	8.760000	8.760000	8.760000	8.760000	8.760000	8.760000	8.760000	8.760000	8.760000	8.760000	8.760000	8.760000	8.760000	8.760000	8.760000	8.760000	8.760000	8.760000
 TS_DEC_COGEN_OIL	8.760000	8.760000	8.760000	8.760000	8.760000	8.760000	8.760000	8.760000	8.760000	8.760000	8.760000	8.760000	8.760000	8.760000	8.760000	8.760000	8.760000	8.760000	8.760000	8.760000	8.760000	8.760000	8.760000	8.760000	8.760000	8.760000	8.760000	8.760000	8.760000	8.760000	8.760000	8.760000	8.760000	8.760000
 TS_DEC_ADVCOGEN_GAS	8.760000	8.760000	8.760000	8.760000	8.760000	8.760000	8.760000	8.760000	8.760000	8.760000	8.760000	8.760000	8.760000	8.760000	8.760000	8.760000	8.760000	8.760000	8.760000	8.760000	8.760000	8.760000	8.760000	8.760000	8.760000	8.760000	8.760000	8.760000	8.760000	8.760000	8.760000	8.760000	8.760000	8.760000
 TS_DEC_ADVCOGEN_H2	8.760000	8.760000	8.760000	8.760000	8.760000	8.760000	8.760000	8.760000	8.760000	8.760000	8.760000	8.760000	8.760000	8.760000	8.760000	8.760000	8.760000	8.760000	8.760000	8.760000	8.760000	8.760000	8.760000	8.760000	8.760000	8.760000	8.760000	8.760000	8.760000	8.760000	8.760000	8.760000	8.760000	8.760000
 TS_DEC_BOILER_GAS	8.760000	8.760000	8.760000	8.760000	8.760000	8.760000	8.760000	8.760000	8.760000	8.760000	8.760000	8.760000	8.760000	8.760000	8.760000	8.760000	8.760000	8.760000	8.760000	8.760000	8.760000	8.760000	8.760000	8.760000	8.760000	8.760000	8.760000	8.760000	8.760000	8.760000	8.760000	8.760000	8.760000	8.760000
 TS_DEC_BOILER_WOOD	8.760000	8.760000	8.760000	8.760000	8.760000	8.760000	8.760000	8.760000	8.760000	8.760000	8.760000	8.760000	8.760000	8.760000	8.760000	8.760000	8.760000	8.760000	8.760000	8.760000	8.760000	8.760000	8.760000	8.760000	8.760000	8.760000	8.760000	8.760000	8.760000	8.760000	8.760000	8.760000	8.760000	8.760000
 TS_COAL_STOVE	8.760000	8.760000	8.760000	8.760000	8.760000	8.760000	8.760000	8.760000	8.760000	8.760000	8.760000	8.760000	8.760000	8.760000	8.760000	8.760000	8.760000	8.760000	8.760000	8.760000	8.760000	8.760000	8.760000	8.760000	8.760000	8.760000	8.760000	8.760000	8.760000	8.760000	8.760000	8.760000	8.760000	8.760000
 TS_DEC_BOILER_OIL	8.760000	8.760000	8.760000	8.760000	8.760000	8.760000	8.760000	8.760000	8.760000	8.760000	8.760000	8.760000	8.760000	8.760000	8.760000	8.760000	8.760000	8.760000	8.760000	8.760000	8.760000	8.760000	8.760000	8.760000	8.760000	8.760000	8.760000	8.760000	8.760000	8.760000	8.760000	8.760000	8.760000	8.760000
 TS_DHN_DAILY	8.760000	8.760000	8.760000	8.760000	8.760000	8.760000	8.760000	8.760000	8.760000	8.760000	8.760000	8.760000	8.760000	8.760000	8.760000	8.760000	8.760000	8.760000	8.760000	8.760000	8.760000	8.760000	8.760000	8.760000	8.760000	8.760000	8.760000	8.760000	8.760000	8.760000	8.760000	8.760000	8.760000	8.760000
 TS_DHN_SEASONAL	8.760000	8.760000	8.760000	8.760000	8.760000	8.760000	8.760000	8.760000	8.760000	8.760000	8.760000	8.760000	8.760000	8.760000	8.760000	8.760000	8.760000	8.760000	8.760000	8.760000	8.760000	8.760000	8.760000	8.760000	24778.483179	8.760000	8.760000	8.760000	8.760000	8.760000	8.760000	8.760000	8.760000	8.760000
 TS_HIGH_TEMP	8.760000	8.760000	8.760000	8.760000	8.760000	8.760000	8.760000	8.760000	8.760000	8.760000	8.760000	8.760000	8.760000	8.760000	8.760000	8.760000	8.760000	8.760000	8.760000	8.760000	8.760000	8.760000	8.760000	694.321358	8.760000	8.760000	8.760000	8.760000	8.760000	8.760000	8.760000	8.760000	8.760000	8.760000
 GAS_STORAGE	8.760000	8.760000	8.760000	8.760000	4768.150888	8.760000	8.760000	8.760000	8.760000	8.760000	8.760000	8.760000	8.760000	8.760000	8.760000	8.760000	8.760000	8.760000	8.760000	8.760000	8.760000	8.760000	8.760000	8.760000	8.760000	8.760000	8.760000	8.760000	8.760000	8.760000	8.760000	8.760000	8.760000	8.760000
 H2_STORAGE	8.760000	8.760000	8.760000	8.760000	8.760000	8.760000	8.760000	8.760000	8.760000	8.760000	8.760000	524.831935	8.760000	8.760000	8.760000	8.760000	8.760000	8.760000	8.760000	8.760000	8.760000	8.760000	8.760000	8.760000	8.760000	8.760000	8.760000	8.760000	8.760000	8.760000	8.760000	8.760000	8.760000	8.760000
 DIESEL_STORAGE	8.760000	8.760000	8.760000	8.760000	8.760000	8.760000	8.760000	8.760000	8.760000	8.760000	8.760000	8.760000	8.760000	8.760000	8.760000	8.760000	8.760000	8.760000	8.760000	8.760000	8.760000	8.760000	8.760000	8.760000	8.760000	8.760000	8.760000	8.760000	8.760000	8.760000	8.760000	8.760000	8.760000	8.760000
 GASOLINE_STORAGE	8.760000	8.760000	8.760000	8.760000	8.760000	8.760000	8.760000	8.760000	8.760000	8.760000	8.760000	8.760000	8.760000	8.760000	8.760000	8.760000	8.760000	8.760000	8.760000	8.760000	8.760000	8.760000	8.760000	8.760000	8.760000	8.760000	8.760000	8.760000	8.760000	8.760000	8.760000	8.760000	8.760000	8.760000
 LFO_STORAGE	8.760000	8.760000	8.760000	8.760000	8.760000	8.760000	8.760000	8.760000	8.760000	8.760000	8.760000	8.760000	8.760000	8.760000	8.760000	8.760000	8.760000	8.760000	8.760000	8.760000	8.760000	8.760000	8.760000	8.760000	8.760000	8.760000	8.760000	8.760000	8.760000	8.760000	8.760000	8.760000	8.760000	8.760000
 AMMONIA_STORAGE	8.760000	8.760000	8.760000	8.760000	8.760000	8.760000	8.760000	8.760000	8.760000	8.760000	8.760000	8.760000	8.760000	8.760000	8.760000	8.760000	8.760000	8.760000	8.760000	8.760000	8.760000	8.760000	8.760000	8.760000	8.760000	8.760000	8.760000	8.760000	8.760000	8.760000	8.760000	8.760000	8.760000	8.760000
 METHANOL_STORAGE	8.760000	8.760000	8.760000	8.760000	8.760000	8.760000	8.760000	8.760000	8.760000	8.760000	8.760000	8.760000	8.760000	1187.792999	8.760000	8.760000	8.760000	8.760000	8.760000	8.760000	8.760000	8.760000	8.760000	8.760000	8.760000	8.760000	8.760000	8.760000	8.760000	8.760000	8.760000	8.760000	8.760000	8.760000
 CO2_STORAGE	8.760000	8.760000	8.760000	8.760000	8.760000	8.760000	8.760000	8.760000	8.760000	8.760000	8.760000	8.760000	8.760000	8.760000	8.760000	8.760000	8.760000	8.760000	8.760000	8.760000	91.279838	8.760000	8.760000	8.760000	8.760000	8.760000	8.760000	8.760000	8.760000	8.760000	8.760000	8.760000	8.760000	8.760000
 PT_STORAGE	8.760000	8.760000	8.760000	8.760000	8.760000	8.760000	8.760000	8.760000	8.760000	8.760000	8.760000	8.760000	8.760000	8.760000	8.760000	8.760000	8.760000	8.760000	8.760000	8.760000	8.760000	8.760000	8.760000	8.760000	8.760000	8.760000	8.760000	8.760000	8.760000	8.760000	8.760000	8.760000	8.760000	8.760000
 ST_STORAGE	8.760000	8.760000	8.760000	8.760000	8.760000	8.760000	8.760000	8.760000	8.760000	8.760000	8.760000	8.760000	8.760000	8.760000	8.760000	8.760000	8.760000	8.760000	8.760000	8.760000	8.760000	8.760000	8.760000	8.760000	8.760000	8.760000	8.760000	8.760000	8.760000	8.760000	8.760000	8.760000	8.760000	8.760000
 TS_COLD	8.760000	8.760000	8.760000	8.760000	8.760000	8.760000	8.760000	8.760000	8.760000	8.760000	8.760000	8.760000	8.760000	8.760000	8.760000	8.760000	8.760000	8.760000	8.760000	8.760000	8.760000	8.760000	8.760000	8.760000	8.760000	8.760000	853.962517	8.760000	8.760000	8.760000	8.760000	8.760000	8.760000	8.760000
 CAES	8.760000	8.760000	8.760000	8.760000	8.760000	8.760000	8.760000	8.760000	8.760000	8.760000	8.760000	8.760000	8.760000	8.760000	8.760000	8.760000	8.760000	8.760000	8.760000	8.760000	8.760000	8.760000	8.760000	8.760000	8.760000	8.760000	8.760000	8.760000	8.760000	8.760000	8.760000	8.760000	8.760000	8.760000