Name	C_inv	C_maint	C_op
NUCLEAR	0.000000	0.000000	0.000000
CCGT	797.273648	394.606237	0.000000
CCGT_AMMONIA	0.000000	0.000000	0.000000
COAL_US	0.000000	0.000000	0.000000
COAL_IGCC	2631.498101	1040.505347	0.000000
BIOMASS_TO_POWER	0.000000	0.000000	0.000000
PV_ROOFTOP	213.499700	58.311497	0.000000
PV_UTILITY	0.000000	0.000000	0.000000
PT_POWER_BLOCK	0.000000	0.000000	0.000000
ST_POWER_BLOCK	0.000000	0.000000	0.000000
WIND_ONSHORE	360.954232	127.680620	0.000000
WIND_OFFSHORE	0.000000	0.000000	0.000000
HYDRO_DAM	2201.320448	329.245213	0.000000
HYDRO_RIVER	2162.938842	647.004978	0.000000
TIDAL	0.000000	0.000000	0.000000
WAVE	0.000000	0.000000	0.000000
GEOTHERMAL	437.929003	170.726400	0.000000
IND_COGEN_GAS	0.000000	0.000000	0.000000
IND_COGEN_WOOD	0.000000	0.000000	0.000000
IND_COGEN_WASTE	0.000000	0.000000	0.000000
IND_BOILER_GAS	25.845681	6.432829	0.000000
IND_BOILER_WOOD	0.000000	0.000000	0.000000
IND_BOILER_OIL	0.000050	0.000013	0.000000
IND_BOILER_COAL	45.895163	11.402753	0.000000
IND_BOILER_WASTE	0.000052	0.000013	0.000000
IND_DIRECT_ELEC	0.000000	0.000000	0.000000
DHN_HP_ELEC	0.000000	0.000000	0.000000
DHN_COGEN_GAS	116.961596	66.806255	0.000000
DHN_COGEN_WOOD	948.727420	678.576247	0.000000
DHN_COGEN_WASTE	3.030663	2.196206	0.000000
DHN_COGEN_WET_BIOMASS	0.000000	0.000000	0.000000
DHN_COGEN_BIO_HYDROLYSIS	0.000000	0.000000	0.000000
DHN_BOILER_GAS	0.000000	0.000000	0.000000
DHN_BOILER_WOOD	0.000018	0.000005	0.000000
DHN_BOILER_OIL	0.000000	0.000000	0.000000
DHN_DEEP_GEO	204.715613	173.972000	0.000000
DHN_SOLAR	1.587993	0.043300	0.000000
DEC_HP_ELEC	180.181083	105.253263	0.000000
DEC_THHP_GAS	0.000000	0.000000	0.000000
DEC_COGEN_GAS	0.000000	0.000000	0.000000
DEC_COGEN_OIL	0.000000	0.000000	0.000000
DEC_ADVCOGEN_GAS	0.000000	0.000000	0.000000
DEC_ADVCOGEN_H2	0.000000	0.000000	0.000000
DEC_BOILER_GAS	286.642844	106.851731	0.000000
DEC_BOILER_WOOD	0.000096	0.000042	0.000000
COAL_STOVE	3826.358870	1663.297041	0.000000
DEC_BOILER_OIL	0.000076	0.000057	0.000000
DEC_SOLAR	232.536851	42.637700	0.000000
DEC_DIRECT_ELEC	9.804979	0.533758	0.000000
DEC_THHP_GAS_COLD	0.000000	0.000000	0.000000
DEC_ELEC_COLD	8614.721262	5629.018105	0.000000
IND_ELEC_COLD	79.655429	11.043926	0.000000
TRAMWAY_TROLLEY	0.000000	0.000000	0.000000
BUS_COACH_DIESEL	1900.982750	1341.055269	0.000000
BUS_COACH_GASOLINE	0.000000	0.000000	0.000000
BUS_COACH_HYDIESEL	0.000000	0.000000	0.000000
BUS_COACH_CNG_STOICH	0.000000	0.000000	0.000000
BUS_COACH_FC_HYBRIDH2	0.000000	0.000000	0.000000
TRAIN_PUB	294.652465	318.128174	0.000000
MOTORCYCLE	0.000000	0.000000	0.000000
CAR_GASOLINE	2509.099804	1397.200178	0.000000
CAR_DIESEL	10807.040343	5821.667418	0.000000
CAR_NG	8217.148794	4424.467241	0.000000
CAR_METHANOL	0.000000	0.000000	0.000000
CAR_HEV	0.000000	0.000000	0.000000
CAR_PHEV	0.002469	0.001635	0.000000
MOTORCYCLE_ELECTRIC	0.000000	0.000000	0.000000
CAR_BEV	0.003628	0.000545	0.000000
CAR_FUEL_CELL	0.000000	0.000000	0.000000
TRAIN_FREIGHT	12.971816	7.760929	0.000000
BOAT_FREIGHT_DIESEL	0.000000	0.000000	0.000000
BOAT_FREIGHT_NG	0.000000	0.000000	0.000000
BOAT_FREIGHT_METHANOL	0.000000	0.000000	0.000000
TRUCK_DIESEL	8677.196837	6121.311571	0.000000
TRUCK_GASOLINE	0.000000	0.000000	0.000000
TRUCK_METHANOL	0.000000	0.000000	0.000000
TRUCK_FUEL_CELL	0.000000	0.000000	0.000000
TRUCK_ELEC	0.000000	0.000000	0.000000
TRUCK_NG	0.000000	0.000000	0.000000
HABER_BOSCH	0.000000	0.000000	0.000000
OIL_TO_HVC	236.349077	14.731816	0.000000
GAS_TO_HVC	0.000000	0.000000	0.000000
BIOMASS_TO_HVC	0.000000	0.000000	0.000000
METHANOL_TO_HVC	0.000000	0.000000	0.000000
SYN_METHANOLATION	0.000049	0.000015	0.000000
METHANE_TO_METHANOL	0.000039	0.000028	0.000000
BIOMASS_TO_METHANOL	0.000054	0.000007	0.000000
DAM_STORAGE	0.000000	0.000000	0.000000
PHS	0.000000	0.000000	0.000000
BATT_LI	6560.886228	108.272350	0.000000
BEV_BATT	0.000000	0.000000	0.000000
PHEV_BATT	0.000000	0.000000	0.000000
TS_DEC_DIRECT_ELEC	0.000192	0.000023	0.000000
TS_DEC_HP_ELEC	12.737704	1.530970	0.000000
TS_DEC_THHP_GAS	0.000000	0.000000	0.000000
TS_DEC_COGEN_GAS	0.000177	0.000021	0.000000
TS_DEC_COGEN_OIL	0.000177	0.000021	0.000000
TS_DEC_ADVCOGEN_GAS	0.000177	0.000021	0.000000
TS_DEC_ADVCOGEN_H2	0.000177	0.000021	0.000000
TS_DEC_BOILER_GAS	0.000183	0.000022	0.000000
TS_DEC_BOILER_WOOD	0.000185	0.000022	0.000000
TS_COAL_STOVE	64.979126	7.809969	0.000000
TS_DEC_BOILER_OIL	0.000183	0.000022	0.000000
TS_DHN_DAILY	0.000176	0.000015	0.000000
TS_DHN_SEASONAL	602.473844	63.473002	0.000000
TS_HIGH_TEMP	0.000197	0.000041	0.000000
GAS_STORAGE	84.513067	77.448335	0.000000
H2_STORAGE	0.002312	0.000192	0.000000
DIESEL_STORAGE	0.001145	0.000781	0.000000
GASOLINE_STORAGE	0.001146	0.000781	0.000000
LFO_STORAGE	0.001150	0.000784	0.000000
AMMONIA_STORAGE	0.000000	0.000000	0.000000
METHANOL_STORAGE	0.001131	0.000771	0.000000
CO2_STORAGE	0.002287	0.000549	0.000000
PT_STORAGE	0.001058	0.000219	0.000000
ST_STORAGE	0.001004	0.000208	0.000000
TS_COLD	0.000000	0.000000	0.000000
CAES	35.817753	102.376983	0.000000
EFFICIENCY	0.000000	0.000000	0.000000
DHN	455.270172	0.000000	0.000000
GRID	1614.380110	0.000000	0.000000
HVAC_LINE	0.000000	0.000000	0.000000
PT_COLLECTOR	0.000000	0.000000	0.000000
ST_COLLECTOR	0.000000	0.000000	0.000000
H2_ELECTROLYSIS	0.000000	0.000000	0.000000
SMR	0.000000	0.000000	0.000000
H2_BIOMASS	0.000061	0.000052	0.000000
GASIFICATION_SNG	0.000048	0.000035	0.000000
SYN_METHANATION	0.000010	0.000058	0.000000
BIOMETHANATION	0.000000	0.000000	0.000000
BIO_HYDROLYSIS	0.000000	0.000000	0.000000
PYROLYSIS_TO_LFO	0.000000	0.000000	0.000000
PYROLYSIS_TO_FUELS	0.000000	0.000000	0.000000
ATM_CCS	0.000041	0.000030	0.000000
INDUSTRY_CCS	0.000000	0.000000	0.000000
AMMONIA_TO_H2	0.000000	0.000000	0.000000
ELECTRICITY	0.000000	0.000000	186.369301
GASOLINE	0.000000	0.000000	1071.987281
DIESEL	0.000000	0.000000	17137.537472
BIOETHANOL	0.000000	0.000000	0.000230
BIODIESEL	0.000000	0.000000	0.000155
LFO	0.000000	0.000000	6680.433090
GAS	0.000000	0.000000	7231.678727
GAS_RE	0.000000	0.000000	0.000000
WOOD	0.000000	0.000000	1312.603451
WET_BIOMASS	0.000000	0.000000	0.000000
COAL	0.000000	0.000000	16384.910681
URANIUM	0.000000	0.000000	0.000000
WASTE	0.000000	0.000000	2.792785
H2	0.000000	0.000000	0.000000
H2_RE	0.000000	0.000000	0.000000
AMMONIA	0.000000	0.000000	0.000000
METHANOL	0.000000	0.000000	0.000000
AMMONIA_RE	0.000000	0.000000	0.000000
METHANOL_RE	0.000000	0.000000	0.000000
ELEC_EXPORT	0.000000	0.000000	0.000000
CO2_EMISSIONS	0.000000	0.000000	0.000000
RES_WIND	0.000000	0.000000	0.000000
RES_SOLAR	0.000000	0.000000	0.000000
RES_HYDRO	0.000000	0.000000	0.000000
RES_GEO	0.000000	0.000000	0.000000
CO2_ATM	0.000000	0.000000	0.000000
CO2_INDUSTRY	0.000000	0.000000	0.000000
CO2_CAPTURED	0.000000	0.000000	0.000000
PT_HEAT	0.000000	0.000000	0.000000
ST_HEAT	0.000000	0.000000	0.000000
