TECHNOLOGIES	 c_inv	 c_maint	 lifetime	  f_min	 f	 f_max	 fmin_perc	f_perc	 fmax_perc	 c_p	 c_p_max	 tau	 gwp_constr
 UNITS	[M€/GW]	 [M€/GW/y]	 [y]	 [GW or GWh]	 [GW or GWh]	 [GW or GWh]	 [0-1]	 [0-1]	 [0-1]	 [0-1]	 [0-1]	 [-]	 [ktCO2-eq./GW or GWh] 
NUCLEAR	0.000000	0.000000	60.000000	0.000000	0.000000	0.000000	0.000000	0.000000	1.000000	0.000000	0.843906	0.065586	0.000000
CCGT	2007.180000	47.871000	25.000000	2.430000	2.430000	2.430000	0.000000	0.171685	1.000000	0.654583	0.955769	0.081224	614.790000
CCGT_AMMONIA	0.000000	0.000000	25.000000	0.000000	0.000000	0.000000	0.000000	0.000000	1.000000	0.000000	0.590000	0.081224	0.000000
COAL_US	0.000000	0.000000	35.000000	0.000000	0.000000	0.000000	0.000000	0.000000	1.000000	0.000000	0.862792	0.072238	0.000000
COAL_IGCC	2047.888700	29.877900	35.000000	0.611000	0.611000	0.611000	0.000000	0.056113	1.000000	0.850864	0.850864	0.072238	292.669000
BIOMASS_TO_POWER	376.383000	14.658000	35.000000	0.210000	0.210000	0.210000	0.000000	0.019674	1.000000	0.868000	0.868000	0.072238	69.636000
PV_ROOFTOP	88.548000	1.164000	25.000000	0.120000	0.120000	0.120000	0.000000	0.004322	1.000000	0.333669	1.000000	0.081224	365.520000
PV_UTILITY	0.000000	0.000000	25.000000	0.000000	0.000000	0.000000	0.000000	0.000000	1.000000	0.000000	1.000000	0.081224	0.000000
PT_POWER_BLOCK	0.000000	0.000000	25.000000	0.000000	0.000000	0.000000	0.000000	0.000000	1.000000	0.000000	1.000000	0.081224	0.000000
ST_POWER_BLOCK	0.000000	0.000000	25.000000	0.000000	0.000000	0.000000	0.000000	0.000000	1.000000	0.000000	1.000000	0.081224	0.000000
WIND_ONSHORE	1.142000	0.016800	30.000000	0.001000	0.001000	0.001000	0.000000	0.000057	1.000000	0.523623	1.000000	0.075785	0.917000
WIND_OFFSHORE	0.000000	0.000000	30.000000	0.000000	0.000000	0.000000	0.000000	0.000000	1.000000	0.000000	1.000000	0.075785	0.000000
HYDRO_DAM	34193.697525	170.939998	40.000000	8.136000	8.140000	8.140000	0.000000	0.510900	1.000000	0.581500	1.000000	0.069840	20040.679722
HYDRO_RIVER	19069.721957	190.512000	40.000000	3.777000	3.780000	3.780000	0.000000	0.237249	1.000000	0.581500	1.000000	0.069840	6282.359986
TIDAL	0.000000	0.000000	20.000000	0.000000	0.000000	0.000000	0.000000	0.000000	1.000000	0.000000	1.000000	0.090037	0.000000
WAVE	0.000000	0.000000	20.000000	0.000000	0.000000	0.000000	0.000000	0.000000	1.000000	0.000000	1.000000	0.090037	0.000000
GEOTHERMAL	0.000000	0.000000	30.000000	0.000000	0.000000	0.000000	0.000000	0.000000	1.000000	0.000000	0.850000	0.075785	0.000000
IND_COGEN_GAS	611.240000	37.040000	25.000000	0.000000	0.400000	0.400000	0.000000	0.110220	1.000000	0.844900	0.844900	0.081224	590.000000
IND_COGEN_WOOD	0.000000	0.000000	25.000000	0.000000	0.000000	0.000000	0.000000	0.000000	1.000000	0.000000	0.844900	0.081224	0.000000
IND_COGEN_WASTE	0.000000	0.000000	25.000000	0.000000	0.000000	0.000000	0.000000	0.000000	1.000000	0.000000	0.844900	0.081224	0.000000
IND_BOILER_GAS	26.193795	0.444591	17.000000	0.000000	0.370492	Infinity	0.000000	0.043675	1.000000	0.361461	0.944300	0.098209	5.927874
IND_BOILER_WOOD	0.000000	0.000000	17.000000	0.000000	0.000000	0.000000	0.000000	0.000000	1.000000	0.000000	0.894600	0.098209	0.000000
IND_BOILER_OIL	0.000000	0.000000	17.000000	0.000000	0.000000	0.000000	0.000000	0.000000	1.000000	0.000000	0.944300	0.098209	0.000000
IND_BOILER_COAL	400.779997	6.670000	17.000000	0.000000	2.900000	2.900000	0.000000	0.846104	1.000000	0.894600	0.894600	0.098209	217.499999
IND_BOILER_WASTE	0.000000	0.000000	17.000000	0.000000	0.000000	0.000000	0.000000	0.000000	1.000000	0.000000	0.894600	0.098209	0.000000
IND_DIRECT_ELEC	0.000043	0.000000	15.000000	0.000000	0.000000	Infinity	0.000000	0.000000	1.000000	0.000107	0.944300	0.105671	0.000000
DHN_HP_ELEC	0.000000	0.000000	25.000000	0.000000	0.000000	0.000000	0.000000	0.000000	1.000000	0.000000	0.944300	0.081224	0.000000
DHN_COGEN_GAS	0.000000	0.000000	25.000000	0.000000	0.000000	0.000000	0.000000	0.000000	1.000000	0.000000	0.844900	0.081224	0.000000
DHN_COGEN_WOOD	1313.760000	45.360000	25.000000	1.120000	1.120000	1.120000	0.000000	1.000000	1.000000	0.194516	0.844900	0.081224	281.120000
DHN_COGEN_WASTE	0.000000	0.000000	25.000000	0.000000	0.000000	0.000000	0.000000	0.000000	1.000000	0.000000	0.844900	0.081224	0.000000
DHN_COGEN_WET_BIOMASS	0.000000	0.000000	25.000000	0.000000	0.000000	0.000000	0.000000	0.000000	1.000000	0.000000	0.745500	0.081224	0.000000
DHN_COGEN_BIO_HYDROLYSIS	0.000000	0.000000	15.000000	0.000000	0.000000	0.000000	0.000000	0.000000	1.000000	0.000000	0.844900	0.105671	0.000000
DHN_BOILER_GAS	0.000000	0.000000	17.000000	0.000000	0.000000	0.000000	0.000000	0.000000	1.000000	0.000000	0.944300	0.098209	0.000000
DHN_BOILER_WOOD	0.000000	0.000000	17.000000	0.000000	0.000000	0.000000	0.000000	0.000000	1.000000	0.000000	0.894600	0.098209	0.000000
DHN_BOILER_OIL	0.000000	0.000000	17.000000	0.000000	0.000000	0.000000	0.000000	0.000000	1.000000	0.000000	0.944300	0.098209	0.000000
DHN_DEEP_GEO	0.000000	0.000000	30.000000	0.000000	0.000000	0.000000	0.000000	0.000000	1.000000	0.000000	0.844900	0.075785	0.000000
DHN_SOLAR	0.000000	0.000000	30.000000	0.000000	0.000000	0.000000	0.000000	0.000000	1.000000	0.000000	1.000000	0.075785	0.000000
DEC_HP_ELEC	0.000000	0.000000	18.000000	0.000000	0.000000	0.000000	0.000000	0.000000	1.000000	0.000000	1.000000	0.095150	0.000000
DEC_THHP_GAS	0.000065	0.000002	20.000000	0.000000	0.000000	Infinity	0.000000	0.000000	1.000000	0.000002	1.000000	0.090037	0.000097
DEC_COGEN_GAS	0.000000	0.000000	20.000000	0.000000	0.000000	0.000000	0.000000	0.000000	1.000000	0.000000	1.000000	0.090037	0.000000
DEC_COGEN_OIL	442.072800	25.584000	20.000000	0.312000	0.312000	0.312000	0.000000	0.000000	1.000000	0.000000	1.000000	0.090037	463.632000
DEC_ADVCOGEN_GAS	0.000000	0.000000	20.000000	0.000000	0.000000	0.000000	0.000000	0.000000	1.000000	0.000000	1.000000	0.090037	0.000000
DEC_ADVCOGEN_H2	0.000000	0.000000	20.000000	0.000000	0.000000	0.000000	0.000000	0.000000	1.000000	0.000000	1.000000	0.090037	0.000000
DEC_BOILER_GAS	2063.803036	52.083357	17.000000	0.000000	10.850699	Infinity	0.500000	0.500000	1.000000	0.272211	1.000000	0.098209	336.371683
DEC_BOILER_WOOD	4402.195764	128.519682	17.000000	0.000000	7.933314	Infinity	0.500000	0.500000	1.000000	0.372314	1.000000	0.098209	237.999411
COAL_STOVE	0.000000	0.000000	17.000000	0.000000	0.000000	0.000000	0.000000	0.000000	1.000000	0.000000	1.000000	0.098209	0.000000
DEC_BOILER_OIL	0.000000	0.000000	17.000000	0.000000	0.000000	0.000000	0.000000	0.000000	1.000000	0.000000	1.000000	0.098209	0.000000
DEC_SOLAR	0.000000	0.000000	20.000000	0.000000	0.000000	0.000000	0.000000	0.000000	1.000000	0.000000	1.000000	0.090037	0.000000
DEC_DIRECT_ELEC	0.000054	0.000000	15.000000	0.000000	0.000001	Infinity	0.000000	0.000000	1.000000	0.000002	1.000000	0.105671	0.000002
DEC_THHP_GAS_COLD	0.000000	0.000000	20.000000	0.000000	0.000000	0.000000	0.000000	0.000000	1.000000	0.000000	1.000000	0.090037	0.000000
DEC_ELEC_COLD	559.137882	23.363485	18.000000	0.000000	1.057171	Infinity	0.000000	1.000000	1.000000	0.548981	1.000000	0.095150	174.316970
IND_ELEC_COLD	22.198630	0.180260	20.000000	0.000000	0.033381	Infinity	0.000000	1.000000	1.000000	0.950000	0.950000	0.090037	5.834735
TRAMWAY_TROLLEY	0.000000	0.000000	30.000000	0.000000	0.000000	0.000000	0.000000	0.000000	1.000000	0.000000	0.342466	0.075785	0.000000
BUS_COACH_DIESEL	40594.212813	2149.477266	15.000000	0.000000	70.244355	Infinity	0.750000	0.750000	1.000000	0.296804	0.296804	0.105671	0.000000
BUS_COACH_GASOLINE	16380.983610	866.347046	15.000000	0.000000	23.414785	Infinity	0.250000	0.250000	1.000000	0.296804	0.296804	0.105671	0.000000
BUS_COACH_HYDIESEL	0.000000	0.000000	15.000000	0.000000	0.000000	0.000000	0.000000	0.000000	1.000000	0.000000	0.296804	0.105671	0.000000
BUS_COACH_CNG_STOICH	0.000000	0.000000	15.000000	0.000000	0.000000	0.000000	0.000000	0.000000	1.000000	0.000000	0.296804	0.105671	0.000000
BUS_COACH_FC_HYBRIDH2	0.000000	0.000000	15.000000	0.000000	0.000000	0.000000	0.000000	0.000000	1.000000	0.000000	0.296804	0.105671	0.000000
TRAIN_PUB	0.000025	0.000001	40.000000	0.000000	0.000000	Infinity	0.000000	0.000000	1.000000	0.000080	0.275073	0.069840	0.000000
MOTORCYCLE	23962.682101	1447.167515	10.000000	0.000000	120.597293	Infinity	0.520000	0.520000	1.000000	0.051370	0.051370	0.138454	0.000000
CAR_GASOLINE	30421.826711	1836.789537	10.000000	0.000000	76.532897	Infinity	0.330000	0.330000	1.000000	0.051370	0.051370	0.138454	0.000000
CAR_DIESEL	0.000000	0.000000	10.000000	0.000000	0.000000	0.000000	0.000000	0.000000	1.000000	0.000000	0.051370	0.138454	0.000000
CAR_NG	14301.215497	834.904335	10.000000	0.000000	34.787681	Infinity	0.150000	0.150000	1.000000	0.051370	0.051370	0.138454	0.000000
CAR_METHANOL	0.000000	0.000000	10.000000	0.000000	0.000000	0.000000	0.000000	0.000000	1.000000	0.000000	0.051370	0.138454	0.000000
CAR_HEV	0.000000	0.000000	10.000000	0.000000	0.000000	0.000000	0.000000	0.000000	1.000000	0.000000	0.051370	0.138454	0.000000
CAR_PHEV	0.000000	0.000000	10.000000	0.000000	0.000000	0.000000	0.000000	0.000000	1.000000	0.000000	0.051370	0.138454	0.000000
MOTORCYCLE_ELECTRIC	0.000000	0.000000	10.000000	0.000000	0.000000	0.000000	0.000000	0.000000	1.000000	0.000000	0.051370	0.138454	0.000000
CAR_BEV	0.000000	0.000000	10.000000	0.000000	0.000000	0.000000	0.000000	0.000000	1.000000	0.000000	0.051370	0.138454	0.000000
CAR_FUEL_CELL	0.000000	0.000000	10.000000	0.000000	0.000000	0.000000	0.000000	0.000000	1.000000	0.000000	0.051370	0.138454	0.000000
TRAIN_FREIGHT	714.596593	14.374069	40.000000	0.000000	6.844795	Infinity	0.000000	1.000000	1.000000	0.342466	0.342466	0.069840	0.000000
BOAT_FREIGHT_DIESEL	635.392537	33.441712	40.000000	0.000000	8.800451	Infinity	0.000000	1.000000	1.000000	0.114155	0.114155	0.069840	0.000000
BOAT_FREIGHT_NG	0.000000	0.000000	40.000000	0.000000	0.000000	0.000000	0.000000	0.000000	1.000000	0.000000	0.114155	0.069840	0.000000
BOAT_FREIGHT_METHANOL	0.000000	0.000000	40.000000	0.000000	0.000000	0.000000	0.000000	0.000000	1.000000	0.000000	0.114155	0.069840	0.000000
TRUCK_DIESEL	14810.073373	784.807307	15.000000	0.000000	42.193941	Infinity	0.500000	0.500000	1.000000	0.092593	0.092593	0.105671	0.000000
TRUCK_GASOLINE	14810.073373	784.807307	15.000000	0.000000	42.193941	Infinity	0.500000	0.500000	1.000000	0.092593	0.092593	0.105671	0.000000
TRUCK_METHANOL	0.000000	0.000000	15.000000	0.000000	0.000000	0.000000	0.000000	0.000000	1.000000	0.000000	0.092593	0.105671	0.000000
TRUCK_FUEL_CELL	0.000000	0.000000	15.000000	0.000000	0.000000	0.000000	0.000000	0.000000	1.000000	0.000000	0.092593	0.105671	0.000000
TRUCK_ELEC	0.000000	0.000000	15.000000	0.000000	0.000000	0.000000	0.000000	0.000000	1.000000	0.000000	0.092593	0.105671	0.000000
TRUCK_NG	0.000000	0.000000	15.000000	0.000000	0.000000	0.000000	0.000000	0.000000	1.000000	0.000000	0.092593	0.105671	0.000000
HABER_BOSCH	0.000061	0.000001	20.000000	0.000000	0.000000	Infinity	0.000000	1.000000	1.000000	0.000130	0.994000	0.090037	0.000000
OIL_TO_HVC	1157.789293	5.407824	15.000000	0.000000	2.575154	Infinity	0.000000	1.000000	1.000000	0.994000	0.994000	0.105671	0.000000
GAS_TO_HVC	0.000000	0.000000	25.000000	0.000000	0.000000	0.000000	0.000000	0.000000	1.000000	0.000000	0.994000	0.081224	0.000000
BIOMASS_TO_HVC	0.000000	0.000000	20.000000	0.000000	0.000000	0.000000	0.000000	0.000000	1.000000	0.000000	0.994000	0.090037	0.000000
METHANOL_TO_HVC	0.000000	0.000000	20.000000	0.000000	0.000000	0.000000	0.000000	0.000000	1.000000	0.000000	0.994000	0.090037	0.000000
METHANE_TO_METHANOL	0.000041	0.000001	25.000000	0.000000	0.000000	Infinity	0.000000	0.132378	1.000000	0.000002	0.844900	0.081224	0.000000
BIOMASS_TO_METHANOL	0.000055	0.000000	20.000000	0.000000	0.000000	Infinity	0.000000	0.201927	1.000000	0.000002	0.994000	0.090037	0.000000
DAM_STORAGE	0.000000	0.000000	40.000000	18181.000000	18189.938287	18189.938540	0.000000	-1.000000	1.000000	0.000057	1.000000	0.069840	
PHS	0.000000	0.000000	50.000000	0.000000	0.000000	0.000000	0.000000	-1.000000	1.000000	0.000000	1.000000	0.067014	
BATT_LI	0.000175	0.000000	15.000000	0.000000	0.000000	Infinity	0.000000	-1.000000	1.000000	0.000003	1.000000	0.105671	
BEV_BATT	0.000000	0.000000	1.000000	0.000000	0.000000	Infinity	0.000000	-1.000000	1.000000	0.000000	1.000000	1.064000	
PHEV_BATT	0.000000	0.000000	1.000000	0.000000	0.000000	Infinity	0.000000	-1.000000	1.000000	0.000000	1.000000	1.064000	
TS_DEC_DIRECT_ELEC	0.000127	0.000001	25.000000	0.000000	0.000007	Infinity	0.000000	-1.000000	1.000000	0.000002	1.000000	0.081224	
TS_DEC_HP_ELEC	0.000112	0.000001	25.000000	0.000000	0.000006	Infinity	0.000000	-1.000000	1.000000	0.000000	1.000000	0.081224	
TS_DEC_THHP_GAS	0.000127	0.000001	25.000000	0.000000	0.000007	Infinity	0.000000	-1.000000	1.000000	0.000002	1.000000	0.081224	
TS_DEC_COGEN_GAS	0.000112	0.000001	25.000000	0.000000	0.000006	Infinity	0.000000	-1.000000	1.000000	0.000000	1.000000	0.081224	
TS_DEC_COGEN_OIL	0.000127	0.000001	25.000000	0.000000	0.000007	Infinity	0.000000	-1.000000	1.000000	0.000001	1.000000	0.081224	
TS_DEC_ADVCOGEN_GAS	0.000112	0.000001	25.000000	0.000000	0.000006	Infinity	0.000000	-1.000000	1.000000	0.000000	1.000000	0.081224	
TS_DEC_ADVCOGEN_H2	0.000112	0.000001	25.000000	0.000000	0.000006	Infinity	0.000000	-1.000000	1.000000	0.000000	1.000000	0.081224	
TS_DEC_BOILER_GAS	741.556962	3.902931	25.000000	0.000000	39.029314	Infinity	0.000000	-1.000000	1.000000	0.028003	1.000000	0.081224	
TS_DEC_BOILER_WOOD	1113.079044	5.858311	25.000000	0.000000	58.583108	Infinity	0.000000	-1.000000	1.000000	0.029055	1.000000	0.081224	
TS_COAL_STOVE	0.000936	0.000005	25.000000	0.000000	0.000049	Infinity	0.000000	-1.000000	1.000000	0.000003	1.000000	0.081224	
TS_DEC_BOILER_OIL	0.000112	0.000001	25.000000	0.000000	0.000006	Infinity	0.000000	-1.000000	1.000000	0.000000	1.000000	0.081224	
TS_DHN_DAILY	0.000000	0.000000	40.000000	0.000000	0.000000	0.000000	0.000000	-1.000000	1.000000	0.000000	1.000000	0.069840	
TS_DHN_SEASONAL	0.000000	0.000000	25.000000	0.000000	0.000000	0.000000	0.000000	-1.000000	1.000000	0.000000	1.000000	0.081224	
TS_HIGH_TEMP	0.000634	0.000007	25.000000	0.000000	0.000023	Infinity	0.000000	-1.000000	1.000000	0.004662	1.000000	0.081224	
GAS_STORAGE	65.465743	0.000000	30.000000	0.000000	654.657433	Infinity	0.000000	-1.000000	1.000000	0.000171	1.000000	0.075785	
H2_STORAGE	0.001551	0.000000	20.000000	0.000000	0.000250	Infinity	0.000000	-1.000000	1.000000	0.000016	1.000000	0.090037	
DIESEL_STORAGE	0.000000	0.000000	20.000000	0.000000	339684.928903	Infinity	0.000000	-1.000000	1.000000	0.000009	1.000000	0.090037	
GASOLINE_STORAGE	0.000000	0.000000	20.000000	0.000000	312843.561432	Infinity	0.000000	-1.000000	1.000000	0.000010	1.000000	0.090037	
LFO_STORAGE	0.000000	0.000000	20.000000	0.000000	497869.725340	Infinity	0.000000	-1.000000	1.000000	0.000002	1.000000	0.090037	
AMMONIA_STORAGE	0.000000	0.000000	20.000000	0.000000	548657.451928	Infinity	0.000000	-1.000000	1.000000	0.000000	1.000000	0.090037	
METHANOL_STORAGE	0.000000	0.000000	20.000000	0.000000	543691.625603	Infinity	0.000000	-1.000000	1.000000	0.000000	1.000000	0.090037	
CO2_STORAGE	0.001574	0.000016	20.000000	0.000000	0.000032	Infinity	0.000000	-1.000000	1.000000	0.000006	1.000000	0.090037	
PT_STORAGE	0.000000	0.000000	25.000000	0.000000	0.000000	0.000000	0.000000	-1.000000	1.000000	0.000000	1.000000	0.081224	
ST_STORAGE	0.000000	0.000000	25.000000	0.000000	0.000000	0.000000	0.000000	-1.000000	1.000000	0.000000	1.000000	0.081224	
TS_COLD	0.000000	0.000000	20.000000	0.000000	0.000000	0.000000	0.000000	-1.000000	1.000000	0.000000	1.000000	0.090037	
CAES	0.000649	0.000053	50.000000	0.000000	0.000017	Infinity	0.000000	-1.000000	1.000000	0.000631	1.000000	0.067014	
EFFICIENCY	0.000000	0.000000	1.000000	0.000000	0.939850	Infinity	0.000000	-1.000000	1.000000	0.000000	1.000000	1.064000	
DHN	925.008038	0.000000	60.000000	0.000000	1.120000	Infinity	0.000000	-1.000000	1.000000	0.000000	1.000000	0.065586	
GRID	74919.100000	0.000000	80.000000	0.000000	1.000000	Infinity	0.000000	-1.000000	1.000000	0.000000	1.000000	0.064451	
HVAC_LINE	0.000000	0.000000	40.000000	0.000000	0.000000	0.000000	0.000000	-1.000000	1.000000	0.000000	1.000000	0.069840	
PT_COLLECTOR	0.000000	0.000000	25.000000	0.000000	0.000000	0.000000	0.000000	-1.000000	1.000000	0.000000	1.000000	0.081224	
ST_COLLECTOR	0.000000	0.000000	25.000000	0.000000	0.000000	0.000000	0.000000	-1.000000	1.000000	0.000000	1.000000	0.081224	
H2_ELECTROLYSIS	0.000069	0.000000	15.000000	0.000000	0.000000	Infinity	0.000000	-1.000000	1.000000	0.000060	0.894600	0.105671	
SMR	0.000046	0.000004	25.000000	0.000000	0.000000	Infinity	0.000000	-1.000000	1.000000	0.000207	0.854840	0.081224	
H2_BIOMASS	0.000081	0.000003	25.000000	0.000000	0.000000	Infinity	0.000000	-1.000000	1.000000	0.000061	0.854840	0.081224	
GASIFICATION_SNG	0.000000	0.000000	25.000000	0.000000	0.000000	0.000000	0.000000	-1.000000	1.000000	0.000000	0.844900	0.081224	
SYN_METHANATION	0.000028	0.000005	40.000000	0.000000	0.000000	Infinity	0.000000	-1.000000	1.000000	0.000177	1.000000	0.069840	
BIOMETHANATION	0.000000	0.000000	20.000000	0.000000	0.000000	0.000000	0.000000	-1.000000	1.000000	0.000000	0.844900	0.090037	
BIO_HYDROLYSIS	0.000000	0.000000	15.000000	0.000000	0.000000	0.000000	0.000000	-1.000000	1.000000	0.000000	0.844900	0.105671	
PYROLYSIS_TO_LFO	0.000000	0.000000	25.000000	0.000000	0.000000	0.000000	0.000000	-1.000000	1.000000	0.000000	0.844900	0.081224	
PYROLYSIS_TO_FUELS	0.000000	0.000000	25.000000	0.000000	0.000000	0.000000	0.000000	-1.000000	1.000000	0.000000	0.844900	0.081224	
ATM_CCS	0.000078	0.000002	40.000000	0.000000	0.000000	Infinity	0.000000	-1.000000	1.000000	0.000029	1.000000	0.069840	
INDUSTRY_CCS	0.000065	0.000002	40.000000	0.000000	0.000000	Infinity	0.000000	-1.000000	1.000000	0.000034	1.000000	0.069840	
SYN_METHANOLATION	0.000078	0.000001	20.000000	0.000000	0.000000	Infinity	0.000000	-1.000000	1.000000	0.000096	0.944300	0.090037	
AMMONIA_TO_H2	0.000044	0.000004	25.000000	0.000000	0.000000	Infinity	0.000000	-1.000000	1.000000	0.000139	0.854840	0.081224	