Name	C_inv	C_maint	C_op
NUCLEAR	0.000000	0.000000	0.000000
CCGT	163.024269	47.944658	0.000000
CCGT_AMMONIA	0.000000	0.000000	0.000000
IMPORTED_COAL_CENTRAL	0.000000	0.000000	0.000000
LOCAL_COAL_CENTRAL	147.932605	29.906330	0.000000
BIOMASS_TO_POWER	27.189050	14.658000	0.000000
PV_ROOFTOP	7.192136	1.167203	0.000000
PV_UTILITY	0.000000	0.000000	0.000000
PT_POWER_BLOCK	0.000000	0.000000	0.000000
ST_POWER_BLOCK	0.000000	0.000000	0.000000
WIND_ONSHORE	0.084879	0.019100	0.000000
WIND_OFFSHORE	0.000000	0.000000	0.000000
HYDRO_DAM	2388.091405	170.953990	0.000000
HYDRO_RIVER	1331.841558	190.681272	0.000000
TIDAL	0.000000	0.000000	0.000000
WAVE	0.000000	0.000000	0.000000
GEOTHERMAL	0.000000	0.000000	0.000000
IND_COGEN_GAS	49.647655	37.044667	0.000000
IND_COGEN_WOOD	0.000000	0.000000	0.000000
IND_COGEN_WASTE	0.000000	0.000000	0.000000
IND_BOILER_GAS	1.642488	0.279225	0.000000
IND_BOILER_WOOD	0.000000	0.000000	0.000000
IND_BOILER_OIL	0.000000	0.000000	0.000000
IND_BOILER_COAL	39.366056	6.680401	0.000000
IND_BOILER_WASTE	0.000000	0.000000	0.000000
IND_DIRECT_ELEC	0.000032	0.000001	0.000000
DHN_HP_ELEC	0.000000	0.000000	0.000000
DHN_COGEN_GAS	0.000000	0.000000	0.000000
DHN_COGEN_WOOD	106.704932	45.349565	0.000000
DHN_COGEN_WASTE	0.000000	0.000000	0.000000
DHN_COGEN_WET_BIOMASS	0.000000	0.000000	0.000000
DHN_COGEN_BIO_HYDROLYSIS	0.000000	0.000000	0.000000
DHN_BOILER_GAS	0.000000	0.000000	0.000000
DHN_BOILER_WOOD	0.000000	0.000000	0.000000
DHN_BOILER_OIL	0.000000	0.000000	0.000000
DHN_DEEP_GEO	0.000000	0.000000	0.000000
DHN_SOLAR	0.000000	0.000000	0.000000
DEC_HP_ELEC	0.000000	0.000000	0.000000
DEC_THHP_GAS	0.000046	0.000013	0.000000
DEC_COGEN_GAS	0.000000	0.000000	0.000000
DEC_COGEN_OIL	39.802535	25.572956	0.000000
DEC_ADVCOGEN_GAS	0.000000	0.000000	0.000000
DEC_ADVCOGEN_H2	0.000000	0.000000	0.000000
DEC_BOILER_GAS	192.420503	49.435363	0.000000
DEC_BOILER_WOOD	431.195606	128.173464	0.000000
COAL_STOVE	0.000000	0.000000	0.000000
DEC_BOILER_OIL	0.000000	0.000000	0.000000
DEC_SOLAR	0.000000	0.000000	0.000000
DEC_DIRECT_ELEC	0.000054	0.000002	0.000000
DEC_THHP_GAS_COLD	0.000000	0.000000	0.000000
DEC_ELEC_COLD	52.921435	23.241130	0.000000
IND_ELEC_COLD	1.998603	0.180260	0.000000
TRAMWAY_TROLLEY	0.000000	0.000000	0.000000
BUS_COACH_DIESEL	4287.075833	2148.056326	0.000000
BUS_COACH_GASOLINE	1729.868736	865.774304	0.000000
BUS_COACH_HYDIESEL	0.000000	0.000000	0.000000
BUS_COACH_CNG_STOICH	0.000000	0.000000	0.000000
BUS_COACH_FC_HYBRIDH2	0.000000	0.000000	0.000000
TRAIN_PUB	0.000001	0.000000	0.000000
MOTORCYCLE	341.783639	149.046010	0.000000
CAR_GASOLINE	4242.263476	1850.110339	0.000000
CAR_DIESEL	0.000000	0.000000	0.000000
CAR_NG	1994.232623	840.959238	0.000000
CAR_METHANOL	0.000000	0.000000	0.000000
CAR_HEV	0.000000	0.000000	0.000000
CAR_PHEV	0.000000	0.000000	0.000000
MOTORCYCLE_ELECTRIC	0.000000	0.000000	0.000000
CAR_BEV	0.000000	0.000000	0.000000
CAR_FUEL_CELL	0.000000	0.000000	0.000000
TRAIN_FREIGHT	49.985242	14.313532	0.000000
BOAT_FREIGHT_DIESEL	44.461112	33.658608	0.000000
BOAT_FREIGHT_NG	0.000000	0.000000	0.000000
BOAT_FREIGHT_METHANOL	0.000000	0.000000	0.000000
TRUCK_DIESEL	1558.000385	779.502215	0.000000
TRUCK_GASOLINE	1558.133559	781.369286	0.000000
TRUCK_METHANOL	0.000000	0.000000	0.000000
TRUCK_FUEL_CELL	0.000000	0.000000	0.000000
TRUCK_ELEC	0.000000	0.000000	0.000000
TRUCK_NG	0.000000	0.000000	0.000000
HABER_BOSCH	0.000035	0.000007	0.000000
OIL_TO_HVC	122.330683	5.407824	0.000000
GAS_TO_HVC	0.000000	0.000000	0.000000
BIOMASS_TO_HVC	0.000000	0.000000	0.000000
METHANOL_TO_HVC	0.000000	0.000000	0.000000
METHANE_TO_METHANOL	0.000023	0.000008	0.000000
BIOMASS_TO_METHANOL	0.000030	0.000003	0.000000
DAM_STORAGE	0.000000	0.000000	0.000000
PHS	0.000000	0.000000	0.000000
BATT_LI	0.000134	0.000002	0.000000
BEV_BATT	0.000000	0.000000	0.000000
PHEV_BATT	0.000000	0.000000	0.000000
TS_DEC_DIRECT_ELEC	0.000100	0.000009	0.000000
TS_DEC_HP_ELEC	0.000092	0.000008	0.000000
TS_DEC_THHP_GAS	0.000101	0.000009	0.000000
TS_DEC_COGEN_GAS	0.000092	0.000008	0.000000
TS_DEC_COGEN_OIL	0.000100	0.000009	0.000000
TS_DEC_ADVCOGEN_GAS	0.000092	0.000008	0.000000
TS_DEC_ADVCOGEN_H2	0.000092	0.000008	0.000000
TS_DEC_BOILER_GAS	65.228605	5.621998	0.000000
TS_DEC_BOILER_WOOD	89.958943	7.753485	0.000000
TS_COAL_STOVE	0.000726	0.000063	0.000000
TS_DEC_BOILER_OIL	0.000092	0.000008	0.000000
TS_DHN_DAILY	0.000000	0.000000	0.000000
TS_DHN_SEASONAL	0.000000	0.000000	0.000000
TS_HIGH_TEMP	0.000335	0.000041	0.000000
GAS_STORAGE	1.258140	0.434679	0.000000
H2_STORAGE	0.001287	0.000069	0.000000
DIESEL_STORAGE	0.000764	0.000337	0.000000
GASOLINE_STORAGE	0.000765	0.000337	0.000000
LFO_STORAGE	0.000759	0.000335	0.000000
AMMONIA_STORAGE	0.000763	0.000336	0.000000
METHANOL_STORAGE	0.000763	0.000336	0.000000
CO2_STORAGE	0.001409	0.000156	0.000000
PT_STORAGE	0.000000	0.000000	0.000000
ST_STORAGE	0.000000	0.000000	0.000000
TS_COLD	0.000000	0.000000	0.000000
CAES	0.000435	0.000530	0.000000
EFFICIENCY	0.000000	0.000000	0.000000
DHN	60.666157	0.000000	0.000000
GRID	4828.586631	0.000000	0.000000
HVAC_LINE	0.000000	0.000000	0.000000
PT_COLLECTOR	0.000000	0.000000	0.000000
ST_COLLECTOR	0.000000	0.000000	0.000000
H2_ELECTROLYSIS	0.000045	0.000003	0.000000
SMR	0.000031	0.000032	0.000000
H2_BIOMASS	0.000041	0.000021	0.000000
GASIFICATION_SNG	0.000000	0.000000	0.000000
SYN_METHANATION	0.000012	0.000033	0.000000
BIOMETHANATION	0.000000	0.000000	0.000000
BIO_HYDROLYSIS	0.000000	0.000000	0.000000
PYROLYSIS_TO_LFO	0.000000	0.000000	0.000000
PYROLYSIS_TO_FUELS	0.000000	0.000000	0.000000
ATM_CCS	0.000034	0.000012	0.000000
INDUSTRY_CCS	0.000030	0.000010	0.000000
SYN_METHANOLATION	0.000047	0.000009	0.000000
AMMONIA_TO_H2	0.000026	0.000026	0.000000
ELECTRICITY	0.000000	0.000000	0.000000
GASOLINE	0.000000	0.000000	4159.375909
DIESEL	0.000000	0.000000	4503.771572
BIOETHANOL	0.000000	0.000000	756.899894
BIODIESEL	0.000000	0.000000	333.757040
LFO	0.000000	0.000000	1952.105611
GAS	0.000000	0.000000	2559.442026
GAS_RE	0.000000	0.000000	0.000000
WOOD	0.000000	0.000000	1160.639114
WET_BIOMASS	0.000000	0.000000	0.000000
IMPORTED_COAL	0.000000	0.000000	0.000000
LOCAL_COAL	0.000000	0.000000	637.415847
URANIUM	0.000000	0.000000	0.000000
WASTE	0.000000	0.000000	0.000000
H2	0.000000	0.000000	0.000000
H2_RE	0.000000	0.000000	0.000000
AMMONIA	0.000000	0.000000	0.000070
METHANOL	0.000000	0.000000	0.000002
AMMONIA_RE	0.000000	0.000000	0.000000
METHANOL_RE	0.000000	0.000000	0.000000
ELEC_EXPORT	0.000000	0.000000	0.000000
CO2_EMISSIONS	0.000000	0.000000	0.000000
RES_WIND	0.000000	0.000000	0.000000
RES_SOLAR	0.000000	0.000000	0.000000
RES_HYDRO	0.000000	0.000000	0.000000
RES_GEO	0.000000	0.000000	0.000000
CO2_ATM	0.000000	0.000000	0.000000
CO2_INDUSTRY	0.000000	0.000000	0.000000
CO2_CAPTURED	0.000000	0.000000	0.000000
PT_HEAT	0.000000	0.000000	0.000000
ST_HEAT	0.000000	0.000000	0.000000
