TECHNOLOGIES	 c_inv	 c_maint	 lifetime	  f_min	 f	 f_max	 fmin_perc	f_perc	 fmax_perc	 c_p	 c_p_max	 tau	 gwp_constr
 UNITS	[M€/GW]	 [M€/GW/y]	 [y]	 [GW or GWh]	 [GW or GWh]	 [GW or GWh]	 [0-1]	 [0-1]	 [0-1]	 [0-1]	 [0-1]	 [-]	 [ktCO2-eq./GW or GWh] 
NUCLEAR	0.000000	0.000000	60.000000	0.000000	0.000000	0.000000	0.000000	0.000000	1.000000	0.000000	0.843906	0.065586	0.000000
CCGT	0.000149	0.000004	25.000000	0.000000	0.000000	Infinity	0.000000	0.000000	1.000000	0.000202	0.850000	0.081224	0.000035
CCGT_AMMONIA	0.000153	0.000004	25.000000	0.000000	0.000000	Infinity	0.000000	0.000000	1.000000	0.000233	0.961538	0.081224	0.000037
COAL_US	0.000000	0.000000	35.000000	0.000000	0.000000	0.000000	0.000000	0.000000	1.000000	0.000000	0.868000	0.072238	0.000000
COAL_IGCC	0.000200	0.000003	35.000000	0.000000	0.000000	Infinity	0.000000	0.000000	1.000000	0.000089	0.856000	0.072238	0.000020
BIOMASS_TO_POWER	0.000169	0.000006	35.000000	0.000000	0.000000	Infinity	0.000000	0.000000	1.000000	0.000165	0.856000	0.072238	0.000034
PV_ROOFTOP	183.992605	2.558641	40.000000	0.300000	0.300000	98.400000	0.000000	0.000856	1.000000	0.142441	1.000000	0.069840	624.429287
PV_UTILITY	28921.283111	737.993530	40.000000	0.000000	104.068806	708.000000	0.000000	0.401750	1.000000	0.192604	1.000000	0.069840	216611.934510
PT_POWER_BLOCK	0.000120	0.000007	25.000000	0.000000	0.000000	Infinity	0.000000	0.000000	1.000000	0.000195	1.000000	0.081224	0.000000
ST_POWER_BLOCK	0.000091	0.000007	25.000000	0.000000	0.000000	Infinity	0.000000	0.000000	1.000000	0.000108	1.000000	0.081224	0.000000
WIND_ONSHORE	0.002164	0.000036	30.000000	0.000000	0.000002	7.300000	0.000000	0.000000	1.000000	0.005159	1.000000	0.075785	0.001404
WIND_OFFSHORE	55650.075512	2219.575280	30.000000	0.000000	48.800000	48.800000	0.000000	0.467962	1.000000	0.478433	1.000000	0.075785	30395.079996
HYDRO_DAM	39217.735856	196.056003	40.000000	9.336000	9.336000	51.200000	0.000000	0.093562	1.000000	0.500000	1.000000	0.069840	15804.727944
HYDRO_RIVER	19054.665332	190.511905	40.000000	3.777000	3.777000	27.800000	0.000000	0.035869	1.000000	0.473810	1.000000	0.069840	4769.671764
TIDAL	0.000000	0.000000	20.000000	0.000000	0.000000	0.000000	0.000000	0.000000	1.000000	0.000000	1.000000	0.090037	0.000000
WAVE	0.000000	0.000000	20.000000	0.000000	0.000000	0.000000	0.000000	0.000000	1.000000	0.000000	1.000000	0.090037	0.000000
GEOTHERMAL	0.001169	0.000022	30.000000	0.000000	0.000000	1.200000	0.000000	0.000000	1.000000	0.001316	0.860000	0.075785	0.004177
IND_COGEN_GAS	0.000123	0.000008	25.000000	0.000000	0.000000	Infinity	0.000000	0.000000	1.000000	0.000157	0.850000	0.081224	0.000096
IND_COGEN_WOOD	0.000169	0.000006	25.000000	0.000000	0.000000	Infinity	0.000000	0.000000	1.000000	0.000325	0.850000	0.081224	0.000028
IND_COGEN_WASTE	0.000201	0.000007	25.000000	0.000000	0.000000	Infinity	0.000000	0.000000	1.000000	0.000277	0.850000	0.081224	0.000049
IND_BOILER_GAS	0.000105	0.000002	17.000000	0.000000	0.000002	Infinity	0.000000	0.000000	1.000000	0.000423	0.950000	0.098209	0.000022
IND_BOILER_WOOD	0.000134	0.000003	17.000000	0.000000	0.000001	Infinity	0.000000	0.000000	1.000000	0.001177	0.900000	0.098209	0.000034
IND_BOILER_OIL	0.000102	0.000002	17.000000	0.000000	0.000002	Infinity	0.000000	0.000000	1.000000	0.000299	0.950000	0.098209	0.000023
IND_BOILER_COAL	0.000103	0.000002	17.000000	0.000000	0.000001	Infinity	0.000000	0.000000	1.000000	0.000188	0.900000	0.098209	0.000043
IND_BOILER_WASTE	24.612656	0.491484	17.000000	0.000000	0.213689	Infinity	0.000000	0.014005	1.000000	0.579735	0.900000	0.098209	6.169191
IND_DIRECT_ELEC	9691.768113	44.034934	15.000000	0.000000	29.162208	Infinity	0.000000	0.985995	1.000000	0.299083	0.950000	0.105671	42.868445
DHN_HP_ELEC	673.988085	22.854307	25.000000	0.000000	2.120927	Infinity	0.000000	1.000000	1.000000	0.680137	0.950000	0.081224	370.716777
DHN_COGEN_GAS	0.000115	0.000003	25.000000	0.000000	0.000000	Infinity	0.000000	0.000000	1.000000	0.000120	0.850000	0.081224	0.000048
DHN_COGEN_WOOD	0.000114	0.000004	25.000000	0.000000	0.000000	Infinity	0.000000	0.000000	1.000000	0.000203	0.850000	0.081224	0.000019
DHN_COGEN_WASTE	0.000171	0.000006	25.000000	0.000000	0.000000	Infinity	0.000000	0.000000	1.000000	0.000184	0.850000	0.081224	0.000042
DHN_COGEN_WET_BIOMASS	0.000080	0.000012	25.000000	0.000000	0.000000	Infinity	0.000000	0.000000	1.000000	0.000128	0.745500	0.081224	0.000082
DHN_COGEN_BIO_HYDROLYSIS	0.000198	0.000009	15.000000	0.000000	0.000000	Infinity	0.000000	0.000000	1.000000	0.000231	0.844900	0.105671	0.000040
DHN_BOILER_GAS	0.000016	0.000000	17.000000	0.000000	0.000000	Infinity	0.000000	0.000000	1.000000	0.000239	0.950000	0.098209	0.000003
DHN_BOILER_WOOD	0.000029	0.000001	17.000000	0.000000	0.000000	Infinity	0.000000	0.000000	1.000000	0.000357	0.900000	0.098209	0.000007
DHN_BOILER_OIL	0.000014	0.000000	17.000000	0.000000	0.000000	Infinity	0.000000	0.000000	1.000000	0.000187	0.950000	0.098209	0.000003
DHN_DEEP_GEO	0.000000	0.000000	30.000000	0.000000	0.000000	0.000000	0.000000	0.000000	1.000000	0.000000	0.850000	0.075785	0.000000
DHN_SOLAR	0.000219	0.000000	30.000000	0.000000	0.000001	Infinity	0.000000	0.000000	1.000000	0.001025	1.000000	0.075785	0.000139
DEC_HP_ELEC	5034.611582	209.917927	18.000000	0.000000	11.100945	Infinity	0.000000	0.771119	1.000000	0.380731	1.000000	0.095150	1830.434820
DEC_THHP_GAS	0.000249	0.000007	20.000000	0.000000	0.000001	Infinity	0.000000	0.000000	1.000000	0.000989	1.000000	0.090037	0.000327
DEC_COGEN_GAS	0.000210	0.000013	20.000000	0.000000	0.000000	Infinity	0.000000	0.000000	1.000000	0.000159	1.000000	0.090037	0.000164
DEC_COGEN_OIL	0.000201	0.000012	20.000000	0.000000	0.000000	Infinity	0.000000	0.000000	1.000000	0.000119	1.000000	0.090037	0.000169
DEC_ADVCOGEN_GAS	0.000329	0.000006	20.000000	0.000000	0.000000	Infinity	0.000000	0.000000	1.000000	0.000065	1.000000	0.090037	0.000128
DEC_ADVCOGEN_H2	0.000364	0.000007	20.000000	0.000000	0.000000	Infinity	0.000000	0.000000	1.000000	0.000093	1.000000	0.090037	0.000141
DEC_BOILER_GAS	0.000196	0.000006	17.000000	0.000000	0.000001	Infinity	0.000000	0.000000	1.000000	0.000427	1.000000	0.098209	0.000026
DEC_BOILER_WOOD	0.000246	0.000009	17.000000	0.000000	0.000001	Infinity	0.000000	0.000000	1.000000	0.000649	1.000000	0.098209	0.000011
COAL_STOVE	0.000196	0.000007	17.000000	0.000000	0.000000	Infinity	0.000000	0.000000	1.000000	0.000117	1.000000	0.098209	0.000009
DEC_BOILER_OIL	0.000157	0.000009	17.000000	0.000000	0.000001	Infinity	0.000000	0.000000	1.000000	0.000280	1.000000	0.098209	0.000023
DEC_SOLAR	0.013966	0.000155	20.000000	0.000000	0.000020	Infinity	0.000000	0.000001	1.000000	0.034654	1.000000	0.090037	0.004486
DEC_DIRECT_ELEC	482.157019	2.107342	15.000000	0.000000	12.755477	Infinity	0.000000	0.228880	1.000000	0.098349	1.000000	0.105671	18.750551
DEC_THHP_GAS_COLD	0.000241	0.000010	20.000000	0.000000	0.000001	Infinity	0.000000	0.000000	1.000000	0.000429	1.000000	0.090037	0.000199
DEC_ELEC_COLD	417.399082	12.523102	20.000000	0.000000	1.411849	Infinity	0.000000	1.000000	1.000000	0.701592	1.000000	0.090037	232.799806
IND_ELEC_COLD	32.349315	0.261632	20.000000	0.000000	0.056753	Infinity	0.000000	1.000000	1.000000	0.950000	0.950000	0.090037	9.919889
TRAMWAY_TROLLEY	3018.556040	60.371121	30.000000	0.000000	4.829690	Infinity	0.000000	0.035000	0.035000	0.342466	0.342466	0.075785	0.000000
BUS_COACH_DIESEL	0.004190	0.000203	15.000000	0.000000	0.000007	Infinity	0.000000	0.000000	1.000000	0.019725	0.296804	0.105671	0.000000
BUS_COACH_GASOLINE	0.000546	0.000026	15.000000	0.000000	0.000001	Infinity	0.000000	0.000000	1.000000	0.002615	0.296804	0.105671	0.000000
BUS_COACH_HYDIESEL	0.001077	0.000042	15.000000	0.000000	0.000001	Infinity	0.000000	0.000000	1.000000	0.003668	0.296804	0.105671	0.000000
BUS_COACH_CNG_STOICH	96484.678702	4694.794192	15.000000	0.000000	153.647810	Infinity	0.000000	0.965000	1.000000	0.296804	0.296804	0.105671	0.000000
BUS_COACH_FC_HYBRIDH2	0.000301	0.000009	15.000000	0.000000	0.000000	Infinity	0.000000	0.000000	1.000000	0.000863	0.296804	0.105671	0.000000
TRAIN_PUB	0.000534	0.000019	40.000000	0.000000	0.000000	Infinity	0.000000	0.000000	0.210000	0.001026	0.275073	0.069840	0.000000
MOTORCYCLE	0.000595	0.000036	10.000000	0.000000	0.000003	Infinity	0.000000	0.000000	0.520000	0.001558	0.051370	0.138454	0.000000
CAR_GASOLINE	0.000020	0.000001	10.000000	0.000000	0.000000	Infinity	0.000000	0.000000	1.000000	0.000036	0.051370	0.138454	0.000000
CAR_DIESEL	0.000017	0.000001	10.000000	0.000000	0.000000	Infinity	0.000000	0.000000	1.000000	0.000032	0.051370	0.138454	0.000000
CAR_NG	0.000058	0.000003	10.000000	0.000000	0.000000	Infinity	0.000000	0.000000	1.000000	0.000080	0.051370	0.138454	0.000000
CAR_METHANOL	0.000016	0.000001	10.000000	0.000000	0.000000	Infinity	0.000000	0.000000	1.000000	0.000045	0.051370	0.138454	0.000000
CAR_HEV	0.000022	0.000002	10.000000	0.000000	0.000000	Infinity	0.000000	0.000000	1.000000	0.000051	0.051370	0.138454	0.000000
CAR_PHEV	0.006660	0.000491	10.000000	0.000000	0.000014	Infinity	0.000000	0.000000	1.000000	0.004697	0.051370	0.138454	0.000000
MOTORCYCLE_ELECTRIC	62904.873664	1025.076975	10.000000	0.000000	205.015395	Infinity	0.000000	0.520000	0.520000	0.051370	0.051370	0.138454	0.000000
CAR_BEV	78474.213239	1892.449737	10.000000	0.000000	189.244974	Infinity	0.000000	0.480000	1.000000	0.051370	0.051370	0.138454	0.000000
CAR_FUEL_CELL	0.000038	0.000001	10.000000	0.000000	0.000000	Infinity	0.000000	0.000000	1.000000	0.000046	0.051370	0.138454	0.000000
TRAIN_FREIGHT	1735.781330	34.714159	40.000000	0.000000	16.623073	Infinity	0.000000	1.000000	1.000000	0.342466	0.342466	0.069840	0.000000
BOAT_FREIGHT_DIESEL	0.000622	0.000030	40.000000	0.000000	0.000008	Infinity	0.000000	0.000000	1.000000	0.008986	0.114155	0.069840	0.000000
BOAT_FREIGHT_NG	5219.644443	253.963592	40.000000	0.000000	66.492286	Infinity	0.000000	1.000000	1.000000	0.114155	0.114155	0.069840	0.000000
BOAT_FREIGHT_METHANOL	0.000002	0.000000	40.000000	0.000000	0.000000	Infinity	0.000000	0.000000	1.000000	0.000048	0.114155	0.069840	0.000000
TRUCK_DIESEL	0.000002	0.000000	15.000000	0.000000	0.000000	Infinity	0.000000	0.000000	1.000000	0.000006	0.092593	0.105671	0.000000
TRUCK_GASOLINE	0.000002	0.000000	15.000000	0.000000	0.000000	Infinity	0.000000	0.000000	1.000000	0.000003	0.092593	0.105671	0.000000
TRUCK_METHANOL	0.000002	0.000000	15.000000	0.000000	0.000000	Infinity	0.000000	0.000000	1.000000	0.000009	0.092593	0.105671	0.000000
TRUCK_FUEL_CELL	24890.000796	741.890035	15.000000	0.000000	61.482600	Infinity	0.000000	1.000000	1.000000	0.092593	0.092593	0.105671	0.000000
TRUCK_ELEC	0.000004	0.000000	15.000000	0.000000	0.000000	Infinity	0.000000	0.000000	1.000000	0.000015	0.092593	0.105671	0.000000
TRUCK_NG	0.000012	0.000001	15.000000	0.000000	0.000000	Infinity	0.000000	0.000000	1.000000	0.000033	0.092593	0.105671	0.000000
HABER_BOSCH	0.000215	0.000004	20.000000	0.000000	0.000000	Infinity	0.000000	1.000000	1.000000	0.000916	1.000000	0.090037	0.000000
OIL_TO_HVC	0.000167	0.000001	15.000000	0.000000	0.000000	Infinity	0.000000	0.000000	1.000000	0.000645	1.000000	0.105671	0.000000
GAS_TO_HVC	0.000149	0.000003	25.000000	0.000000	0.000000	Infinity	0.000000	0.000000	1.000000	0.000162	1.000000	0.081224	0.000000
BIOMASS_TO_HVC	3515.765619	104.888016	20.000000	0.000000	2.881539	Infinity	0.000000	0.662195	1.000000	1.000000	1.000000	0.090037	0.000000
METHANOL_TO_HVC	948.122032	85.330587	20.000000	0.000000	1.469957	Infinity	0.000000	0.337805	1.000000	1.000000	1.000000	0.090037	0.000000
SYN_METHANOLATION	770.534238	21.866008	20.000000	0.000000	0.805097	Infinity	0.000000	0.419219	1.000000	0.950000	0.950000	0.090037	0.000000
METHANE_TO_METHANOL	0.000144	0.000006	25.000000	0.000000	0.000000	Infinity	0.000000	0.000000	1.000000	0.000491	0.850000	0.081224	0.000000
BIOMASS_TO_METHANOL	1869.138315	28.556280	20.000000	0.000000	1.059602	Infinity	0.000000	0.580781	1.000000	1.000000	1.000000	0.090037	0.000000
DAM_STORAGE	0.000000	0.000000	1.000000	20868.855009	20868.855358	114447.876657	0.000000	-1.000000	1.000000	0.000087	1.000000	1.064000	
PHS	0.000000	0.000000	50.000000	0.000000	0.000000	0.000000	0.000000	-1.000000	1.000000	0.000000	1.000000	0.067014	
BATT_LI	0.003684	0.000006	15.000000	0.000000	0.000024	Infinity	0.000000	-1.000000	1.000000	0.008911	1.000000	0.105671	
BEV_BATT	0.000000	0.000000	1.000000	0.000000	187.743029	Infinity	0.000000	-1.000000	1.000000	0.003891	1.000000	1.064000	
PHEV_BATT	0.000000	0.000000	1.000000	0.000000	0.000003	Infinity	0.000000	-1.000000	1.000000	0.000203	1.000000	1.064000	
TS_DEC_DIRECT_ELEC	646.871521	4.432962	25.000000	0.000000	34.099711	Infinity	0.000000	-1.000000	1.000000	0.032997	1.000000	0.081224	
TS_DEC_HP_ELEC	1555.052554	10.656660	25.000000	0.000000	81.974304	Infinity	0.000000	-1.000000	1.000000	0.031421	1.000000	0.081224	
TS_DEC_THHP_GAS	0.000654	0.000004	25.000000	0.000000	0.000034	Infinity	0.000000	-1.000000	1.000000	0.002420	1.000000	0.081224	
TS_DEC_COGEN_GAS	0.000650	0.000004	25.000000	0.000000	0.000034	Infinity	0.000000	-1.000000	1.000000	0.000890	1.000000	0.081224	
TS_DEC_COGEN_OIL	0.000649	0.000004	25.000000	0.000000	0.000034	Infinity	0.000000	-1.000000	1.000000	0.000837	1.000000	0.081224	
TS_DEC_ADVCOGEN_GAS	0.000645	0.000004	25.000000	0.000000	0.000034	Infinity	0.000000	-1.000000	1.000000	0.000615	1.000000	0.081224	
TS_DEC_ADVCOGEN_H2	0.000653	0.000004	25.000000	0.000000	0.000034	Infinity	0.000000	-1.000000	1.000000	0.000673	1.000000	0.081224	
TS_DEC_BOILER_GAS	0.000653	0.000004	25.000000	0.000000	0.000034	Infinity	0.000000	-1.000000	1.000000	0.001411	1.000000	0.081224	
TS_DEC_BOILER_WOOD	0.000653	0.000004	25.000000	0.000000	0.000034	Infinity	0.000000	-1.000000	1.000000	0.001919	1.000000	0.081224	
TS_COAL_STOVE	0.007358	0.000050	25.000000	0.000000	0.000388	Infinity	0.000000	-1.000000	1.000000	0.002840	1.000000	0.081224	
TS_DEC_BOILER_OIL	0.000651	0.000004	25.000000	0.000000	0.000034	Infinity	0.000000	-1.000000	1.000000	0.001164	1.000000	0.081224	
TS_DHN_DAILY	0.000984	0.000003	40.000000	0.000000	0.000328	Infinity	0.000000	-1.000000	1.000000	0.001170	1.000000	0.069840	
TS_DHN_SEASONAL	1604.735474	0.000000	25.000000	0.000000	2971.732360	Infinity	0.000000	-1.000000	1.000000	0.000954	1.000000	0.081224	
TS_HIGH_TEMP	3573.717333	38.248848	25.000000	0.000000	127.496159	Infinity	0.000000	-1.000000	1.000000	0.041237	1.000000	0.081224	
GAS_STORAGE	1238.763846	0.000000	30.000000	0.000000	24775.276927	Infinity	0.000000	-1.000000	1.000000	0.000149	1.000000	0.075785	
H2_STORAGE	282.075870	1.367088	20.000000	0.000000	45.569607	Infinity	0.000000	-1.000000	1.000000	0.023502	1.000000	0.090037	
DIESEL_STORAGE	0.007914	0.000000	20.000000	0.000000	0.791431	Infinity	0.000000	-1.000000	1.000000	0.000000	1.000000	0.090037	
GASOLINE_STORAGE	0.007880	0.000000	20.000000	0.000000	0.788040	Infinity	0.000000	-1.000000	1.000000	0.000000	1.000000	0.090037	
LFO_STORAGE	0.007859	0.000000	20.000000	0.000000	0.785921	Infinity	0.000000	-1.000000	1.000000	0.000000	1.000000	0.090037	
AMMONIA_STORAGE	0.007856	0.000000	20.000000	0.000000	0.785631	Infinity	0.000000	-1.000000	1.000000	0.000000	1.000000	0.090037	
METHANOL_STORAGE	2.022519	0.000000	20.000000	0.000000	202.251913	Infinity	0.000000	-1.000000	1.000000	0.000187	1.000000	0.090037	
CO2_STORAGE	1.624038	0.016240	20.000000	0.000000	0.032809	Infinity	0.000000	-1.000000	1.000000	0.053250	1.000000	0.090037	
PT_STORAGE	0.008945	0.000090	25.000000	0.000000	0.000242	Infinity	0.000000	-1.000000	1.000000	0.000419	1.000000	0.081224	
ST_STORAGE	0.008430	0.000084	25.000000	0.000000	0.000441	Infinity	0.000000	-1.000000	1.000000	0.000226	1.000000	0.081224	
TS_COLD	43.595243	0.523143	20.000000	0.000000	1.743810	Infinity	0.000000	-1.000000	1.000000	0.031036	1.000000	0.090037	
CAES	0.000000	0.000000	50.000000	0.000000	0.000000	0.000000	0.000000	-1.000000	1.000000	0.000000	1.000000	0.067014	
EFFICIENCY	0.000000	0.000000	1.000000	0.000000	0.939850	Infinity	0.000000	-1.000000	1.000000	0.000000	1.000000	1.064000	
DHN	5260.849002	0.000000	60.000000	0.000000	6.369992	Infinity	0.000000	-1.000000	1.000000	0.000000	1.000000	0.065586	
GRID	502619.877660	0.000000	80.000000	0.000000	1.125954	Infinity	0.000000	-1.000000	1.000000	0.000000	1.000000	0.064451	
HVAC_LINE	0.000221	0.000004	40.000000	0.000000	0.000000	1.500000	0.000000	-1.000000	1.000000	0.000000	1.000000	0.069840	
PT_COLLECTOR	0.002398	0.000033	25.000000	0.000000	0.000001	Infinity	0.000000	-1.000000	1.000000	0.001449	1.000000	0.081224	
ST_COLLECTOR	0.002290	0.000026	25.000000	0.000000	0.000000	Infinity	0.000000	-1.000000	1.000000	0.001248	1.000000	0.081224	
H2_ELECTROLYSIS	15224.973832	418.785189	15.000000	0.000000	21.868678	Infinity	0.000000	-1.000000	1.000000	0.734699	0.900000	0.105671	
SMR	0.000115	0.000010	25.000000	0.000000	0.000000	Infinity	0.000000	-1.000000	1.000000	0.000286	0.854840	0.081224	
H2_BIOMASS	0.000144	0.000010	25.000000	0.000000	0.000000	Infinity	0.000000	-1.000000	1.000000	0.000209	0.860000	0.081224	
GASIFICATION_SNG	0.000332	0.000012	25.000000	0.000000	0.000000	Infinity	0.000000	-1.000000	1.000000	0.000537	0.844900	0.081224	
SYN_METHANATION	1987.211695	507.735032	40.000000	0.000000	11.494746	Infinity	0.000000	-1.000000	1.000000	0.931565	1.000000	0.069840	
BIOMETHANATION	0.000470	0.000007	20.000000	0.000000	0.000000	Infinity	0.000000	-1.000000	1.000000	0.003581	0.850000	0.090037	
BIO_HYDROLYSIS	5154.705349	308.811166	15.000000	0.000000	2.845137	Infinity	0.000000	-1.000000	1.000000	0.844900	0.844900	0.105671	
PYROLYSIS_TO_LFO	0.000598	0.000014	25.000000	0.000000	0.000000	Infinity	0.000000	-1.000000	1.000000	0.001885	0.844900	0.081224	
PYROLYSIS_TO_FUELS	0.000296	0.000004	25.000000	0.000000	0.000000	Infinity	0.000000	-1.000000	1.000000	0.000557	0.844900	0.081224	
ATM_CCS	0.000356	0.000009	40.000000	0.000000	0.000000	Infinity	0.000000	-1.000000	1.000000	0.000319	1.000000	0.069840	
INDUSTRY_CCS	6899.563308	171.269905	40.000000	0.000000	2.772434	Infinity	0.000000	-1.000000	1.000000	0.933614	1.000000	0.069840	
AMMONIA_TO_H2	0.000113	0.000010	25.000000	0.000000	0.000000	Infinity	0.000000	-1.000000	1.000000	0.000411	0.860000	0.081224	