Name	C_inv	C_maint	C_op
NUCLEAR	0.000000	0.000000	0.000000
CCGT	0.000012	0.000004	0.000000
CCGT_AMMONIA	0.000012	0.000004	0.000000
COAL_US	0.000000	0.000000	0.000000
COAL_IGCC	0.000014	0.000003	0.000000
BIOMASS_TO_POWER	0.000012	0.000006	0.000000
PV_ROOFTOP	12.850114	2.558641	0.000000
PV_UTILITY	2019.873560	737.993530	0.000000
PT_POWER_BLOCK	0.000010	0.000007	0.000000
ST_POWER_BLOCK	0.000007	0.000007	0.000000
WIND_ONSHORE	0.000164	0.000036	0.000000
WIND_OFFSHORE	4217.449609	2219.575280	0.000000
HYDRO_DAM	2738.981788	196.056003	0.000000
HYDRO_RIVER	1330.785171	190.511905	0.000000
TIDAL	0.000000	0.000000	0.000000
WAVE	0.000000	0.000000	0.000000
GEOTHERMAL	0.000089	0.000022	0.000000
IND_COGEN_GAS	0.000010	0.000008	0.000000
IND_COGEN_WOOD	0.000014	0.000006	0.000000
IND_COGEN_WASTE	0.000016	0.000007	0.000000
IND_BOILER_GAS	0.000010	0.000002	0.000000
IND_BOILER_WOOD	0.000013	0.000003	0.000000
IND_BOILER_OIL	0.000010	0.000002	0.000000
IND_BOILER_COAL	0.000010	0.000002	0.000000
IND_BOILER_WASTE	2.417194	0.491484	0.000000
IND_DIRECT_ELEC	1024.134952	44.034934	0.000000
DHN_HP_ELEC	54.744336	22.854307	0.000000
DHN_COGEN_GAS	0.000009	0.000003	0.000000
DHN_COGEN_WOOD	0.000009	0.000004	0.000000
DHN_COGEN_WASTE	0.000014	0.000006	0.000000
DHN_COGEN_WET_BIOMASS	0.000007	0.000012	0.000000
DHN_COGEN_BIO_HYDROLYSIS	0.000021	0.000009	0.000000
DHN_BOILER_GAS	0.000002	0.000000	0.000000
DHN_BOILER_WOOD	0.000003	0.000001	0.000000
DHN_BOILER_OIL	0.000001	0.000000	0.000000
DHN_DEEP_GEO	0.000000	0.000000	0.000000
DHN_SOLAR	0.000017	0.000000	0.000000
DEC_HP_ELEC	479.044064	209.917927	0.000000
DEC_THHP_GAS	0.000022	0.000007	0.000000
DEC_COGEN_GAS	0.000019	0.000013	0.000000
DEC_COGEN_OIL	0.000018	0.000012	0.000000
DEC_ADVCOGEN_GAS	0.000030	0.000006	0.000000
DEC_ADVCOGEN_H2	0.000033	0.000007	0.000000
DEC_BOILER_GAS	0.000019	0.000006	0.000000
DEC_BOILER_WOOD	0.000024	0.000009	0.000000
COAL_STOVE	0.000019	0.000007	0.000000
DEC_BOILER_OIL	0.000015	0.000009	0.000000
DEC_SOLAR	0.001257	0.000155	0.000000
DEC_DIRECT_ELEC	50.949822	2.107342	0.000000
DEC_THHP_GAS_COLD	0.000022	0.000010	0.000000
DEC_ELEC_COLD	37.581274	12.523102	0.000000
IND_ELEC_COLD	2.912628	0.261632	0.000000
TRAMWAY_TROLLEY	228.761738	60.371121	0.000000
BUS_COACH_DIESEL	0.000443	0.000203	0.000000
BUS_COACH_GASOLINE	0.000058	0.000026	0.000000
BUS_COACH_HYDIESEL	0.000114	0.000042	0.000000
BUS_COACH_CNG_STOICH	10195.593893	4694.794192	0.000000
BUS_COACH_FC_HYBRIDH2	0.000032	0.000009	0.000000
TRAIN_PUB	0.000037	0.000019	0.000000
MOTORCYCLE	0.000082	0.000036	0.000000
CAR_GASOLINE	0.000003	0.000001	0.000000
CAR_DIESEL	0.000002	0.000001	0.000000
CAR_NG	0.000008	0.000003	0.000000
CAR_METHANOL	0.000002	0.000001	0.000000
CAR_HEV	0.000003	0.000002	0.000000
CAR_PHEV	0.000922	0.000491	0.000000
MOTORCYCLE_ELECTRIC	8709.459204	1025.076975	0.000000
CAR_BEV	10865.103432	1892.449737	0.000000
CAR_FUEL_CELL	0.000005	0.000001	0.000000
TRAIN_FREIGHT	121.227637	34.714159	0.000000
BOAT_FREIGHT_DIESEL	0.000043	0.000030	0.000000
BOAT_FREIGHT_NG	364.541980	253.963592	0.000000
BOAT_FREIGHT_METHANOL	0.000000	0.000000	0.000000
TRUCK_DIESEL	0.000000	0.000000	0.000000
TRUCK_GASOLINE	0.000000	0.000000	0.000000
TRUCK_METHANOL	0.000000	0.000000	0.000000
TRUCK_FUEL_CELL	2630.141319	741.890035	0.000000
TRUCK_ELEC	0.000000	0.000000	0.000000
TRUCK_NG	0.000001	0.000001	0.000000
HABER_BOSCH	0.000019	0.000004	0.000000
OIL_TO_HVC	0.000018	0.000001	0.000000
GAS_TO_HVC	0.000012	0.000003	0.000000
BIOMASS_TO_HVC	316.548252	104.888016	0.000000
METHANOL_TO_HVC	85.365865	85.330587	0.000000
SYN_METHANOLATION	69.376430	21.866008	0.000000
METHANE_TO_METHANOL	0.000012	0.000006	0.000000
BIOMASS_TO_METHANOL	168.291214	28.556280	0.000000
DAM_STORAGE	0.000000	0.000000	0.000000
PHS	0.000000	0.000000	0.000000
BATT_LI	0.000389	0.000006	0.000000
BEV_BATT	0.000000	0.000000	0.000000
PHEV_BATT	0.000000	0.000000	0.000000
TS_DEC_DIRECT_ELEC	52.541807	4.432962	0.000000
TS_DEC_HP_ELEC	126.308345	10.656660	0.000000
TS_DEC_THHP_GAS	0.000053	0.000004	0.000000
TS_DEC_COGEN_GAS	0.000053	0.000004	0.000000
TS_DEC_COGEN_OIL	0.000053	0.000004	0.000000
TS_DEC_ADVCOGEN_GAS	0.000052	0.000004	0.000000
TS_DEC_ADVCOGEN_H2	0.000053	0.000004	0.000000
TS_DEC_BOILER_GAS	0.000053	0.000004	0.000000
TS_DEC_BOILER_WOOD	0.000053	0.000004	0.000000
TS_COAL_STOVE	0.000598	0.000050	0.000000
TS_DEC_BOILER_OIL	0.000053	0.000004	0.000000
TS_DHN_DAILY	0.000069	0.000003	0.000000
TS_DHN_SEASONAL	130.343814	0.000000	0.000000
TS_HIGH_TEMP	290.273354	38.248848	0.000000
GAS_STORAGE	93.879910	0.000000	0.000000
H2_STORAGE	25.397206	1.367088	0.000000
DIESEL_STORAGE	0.000713	0.000000	0.000000
GASOLINE_STORAGE	0.000710	0.000000	0.000000
LFO_STORAGE	0.000708	0.000000	0.000000
AMMONIA_STORAGE	0.000707	0.000000	0.000000
METHANOL_STORAGE	0.182101	0.000000	0.000000
CO2_STORAGE	0.146223	0.016240	0.000000
PT_STORAGE	0.000727	0.000090	0.000000
ST_STORAGE	0.000685	0.000084	0.000000
TS_COLD	3.925176	0.523143	0.000000
CAES	0.000000	0.000000	0.000000
EFFICIENCY	0.000000	0.000000	0.000000
DHN	345.038245	0.000000	0.000000
GRID	32394.208120	0.000000	0.000000
HVAC_LINE	0.000015	0.000004	0.000000
PT_COLLECTOR	0.000195	0.000033	0.000000
ST_COLLECTOR	0.000186	0.000026	0.000000
H2_ELECTROLYSIS	1608.832120	418.785189	0.000000
SMR	0.000009	0.000010	0.000000
H2_BIOMASS	0.000012	0.000010	0.000000
GASIFICATION_SNG	0.000027	0.000012	0.000000
SYN_METHANATION	138.787631	507.735032	0.000000
BIOMETHANATION	0.000042	0.000007	0.000000
BIO_HYDROLYSIS	544.700807	308.811166	0.000000
PYROLYSIS_TO_LFO	0.000049	0.000014	0.000000
PYROLYSIS_TO_FUELS	0.000024	0.000004	0.000000
ATM_CCS	0.000025	0.000009	0.000000
INDUSTRY_CCS	481.868161	171.269905	0.000000
AMMONIA_TO_H2	0.000009	0.000010	0.000000
ELECTRICITY	0.000000	0.000000	0.000014
GASOLINE	0.000000	0.000000	0.000019
DIESEL	0.000000	0.000000	0.000027
BIOETHANOL	0.000000	0.000000	0.000115
BIODIESEL	0.000000	0.000000	0.000647
LFO	0.000000	0.000000	0.000027
GAS	0.000000	0.000000	0.000000
GAS_RE	0.000000	0.000000	0.000000
WOOD	0.000000	0.000000	1020.992800
WET_BIOMASS	0.000000	0.000000	945.857971
COAL	0.000000	0.000000	0.000009
URANIUM	0.000000	0.000000	0.000000
WASTE	0.000000	0.000000	10.719679
H2	0.000000	0.000000	0.000000
H2_RE	0.000000	0.000000	0.000000
AMMONIA	0.000000	0.000000	0.000016
METHANOL	0.000000	0.000000	0.000025
AMMONIA_RE	0.000000	0.000000	0.000000
METHANOL_RE	0.000000	0.000000	0.000000
ELEC_EXPORT	0.000000	0.000000	0.000000
H2_EXPORT	0.000000	0.000000	0.000000
GAS_RE_EXPORT	0.000000	0.000000	0.000000
AMMONIA_EXPORT	0.000000	0.000000	0.000000
METHANOL_EXPORT	0.000000	0.000000	0.000000
CO2_EMISSIONS	0.000000	0.000000	0.000000
RES_WIND	0.000000	0.000000	0.000000
RES_SOLAR	0.000000	0.000000	0.000000
RES_HYDRO	0.000000	0.000000	0.000000
RES_GEO	0.000000	0.000000	0.000000
CO2_ATM	0.000000	0.000000	0.000000
CO2_INDUSTRY	0.000000	0.000000	0.000000
CO2_CAPTURED	0.000000	0.000000	0.000000
PT_HEAT	0.000000	0.000000	0.000000
ST_HEAT	0.000000	0.000000	0.000000
