Name	C_inv	C_maint	C_op
NUCLEAR	0.000000	0.000000	0.000000
CCGT	1077.121812	533.115557	0.000000
CCGT_AMMONIA	0.000000	0.000000	0.000000
IMPORTED_COAL_CENTRAL	0.000000	0.000000	0.000000
LOCAL_COAL_CENTRAL	1992.996492	788.039142	0.000000
BIOMASS_TO_POWER	0.000000	0.000000	0.000000
PV_ROOFTOP	213.499700	58.311497	0.000000
PV_UTILITY	0.000000	0.000000	0.000000
PT_POWER_BLOCK	0.000000	0.000000	0.000000
ST_POWER_BLOCK	0.000000	0.000000	0.000000
WIND_ONSHORE	354.013047	144.988100	0.000000
WIND_OFFSHORE	0.000000	0.000000	0.000000
HYDRO_DAM	2201.319820	329.245119	0.000000
HYDRO_RIVER	2158.554295	645.693418	0.000000
TIDAL	0.000000	0.000000	0.000000
WAVE	0.000000	0.000000	0.000000
GEOTHERMAL	437.929003	170.726400	0.000000
IND_COGEN_GAS	0.000000	0.000000	0.000000
IND_COGEN_WOOD	0.000000	0.000000	0.000000
IND_COGEN_WASTE	0.000000	0.000000	0.000000
IND_BOILER_GAS	35.326705	8.792597	0.000000
IND_BOILER_WOOD	0.000000	0.000000	0.000000
IND_BOILER_OIL	0.000079	0.000021	0.000000
IND_BOILER_COAL	27.351663	6.795580	0.000000
IND_BOILER_WASTE	0.124736	0.030991	0.000000
IND_DIRECT_ELEC	0.000000	0.000000	0.000000
DHN_HP_ELEC	0.000000	0.000000	0.000000
DHN_COGEN_GAS	110.390720	63.053095	0.000000
DHN_COGEN_WOOD	0.000109	0.000078	0.000000
DHN_COGEN_WASTE	0.000217	0.000157	0.000000
DHN_COGEN_WET_BIOMASS	0.000000	0.000000	0.000000
DHN_COGEN_BIO_HYDROLYSIS	0.000000	0.000000	0.000000
DHN_BOILER_GAS	0.000000	0.000000	0.000000
DHN_BOILER_WOOD	75.028942	18.641104	0.000000
DHN_BOILER_OIL	0.000000	0.000000	0.000000
DHN_DEEP_GEO	204.715613	173.972000	0.000000
DHN_SOLAR	3.175987	0.086600	0.000000
DEC_HP_ELEC	180.181147	105.253301	0.000000
DEC_THHP_GAS	0.000000	0.000000	0.000000
DEC_COGEN_GAS	0.000000	0.000000	0.000000
DEC_COGEN_OIL	0.000000	0.000000	0.000000
DEC_ADVCOGEN_GAS	0.000000	0.000000	0.000000
DEC_ADVCOGEN_H2	0.000000	0.000000	0.000000
DEC_BOILER_GAS	666.136411	248.315385	0.000000
DEC_BOILER_WOOD	0.000514	0.000224	0.000000
COAL_STOVE	558.367709	242.719356	0.000000
DEC_BOILER_OIL	184.057425	137.147015	0.000000
DEC_SOLAR	232.536851	42.637700	0.000000
DEC_DIRECT_ELEC	47.851184	2.604898	0.000000
DEC_THHP_GAS_COLD	0.000000	0.000000	0.000000
DEC_ELEC_COLD	8614.721262	5629.018105	0.000000
IND_ELEC_COLD	79.655429	11.043926	0.000000
TRAMWAY_TROLLEY	0.000000	0.000000	0.000000
BUS_COACH_DIESEL	1900.982750	1341.055269	0.000000
BUS_COACH_GASOLINE	0.000000	0.000000	0.000000
BUS_COACH_HYDIESEL	0.000000	0.000000	0.000000
BUS_COACH_CNG_STOICH	0.000000	0.000000	0.000000
BUS_COACH_FC_HYBRIDH2	0.000000	0.000000	0.000000
TRAIN_PUB	294.652465	318.128174	0.000000
MOTORCYCLE	0.000000	0.000000	0.000000
CAR_GASOLINE	2509.099804	1397.200178	0.000000
CAR_DIESEL	10807.040360	5821.667427	0.000000
CAR_NG	8217.148801	4424.467244	0.000000
CAR_METHANOL	0.000000	0.000000	0.000000
CAR_HEV	0.000000	0.000000	0.000000
CAR_PHEV	0.003503	0.002320	0.000000
MOTORCYCLE_ELECTRIC	0.000000	0.000000	0.000000
CAR_BEV	0.004408	0.000662	0.000000
CAR_FUEL_CELL	0.000000	0.000000	0.000000
TRAIN_FREIGHT	12.971816	7.760929	0.000000
BOAT_FREIGHT_DIESEL	0.000000	0.000000	0.000000
BOAT_FREIGHT_NG	0.000000	0.000000	0.000000
BOAT_FREIGHT_METHANOL	0.000000	0.000000	0.000000
TRUCK_DIESEL	8677.196837	6121.311571	0.000000
TRUCK_GASOLINE	0.000000	0.000000	0.000000
TRUCK_METHANOL	0.000000	0.000000	0.000000
TRUCK_FUEL_CELL	0.000000	0.000000	0.000000
TRUCK_ELEC	0.000000	0.000000	0.000000
TRUCK_NG	0.000000	0.000000	0.000000
HABER_BOSCH	0.000000	0.000000	0.000000
OIL_TO_HVC	236.349077	14.731816	0.000000
GAS_TO_HVC	0.000000	0.000000	0.000000
BIOMASS_TO_HVC	0.000000	0.000000	0.000000
METHANOL_TO_HVC	0.000000	0.000000	0.000000
SYN_METHANOLATION	0.000091	0.000028	0.000000
METHANE_TO_METHANOL	0.000073	0.000042	0.000000
BIOMASS_TO_METHANOL	0.000100	0.000014	0.000000
DAM_STORAGE	0.000000	0.000000	0.000000
PHS	0.000000	0.000000	0.000000
BATT_LI	0.000720	0.000012	0.000000
BEV_BATT	0.000000	0.000000	0.000000
PHEV_BATT	0.000000	0.000000	0.000000
TS_DEC_DIRECT_ELEC	4.423636	0.531686	0.000000
TS_DEC_HP_ELEC	3.285883	0.394937	0.000000
TS_DEC_THHP_GAS	0.000000	0.000000	0.000000
TS_DEC_COGEN_GAS	0.000258	0.000031	0.000000
TS_DEC_COGEN_OIL	0.000258	0.000031	0.000000
TS_DEC_ADVCOGEN_GAS	0.000258	0.000031	0.000000
TS_DEC_ADVCOGEN_H2	0.000258	0.000031	0.000000
TS_DEC_BOILER_GAS	31.969669	3.842497	0.000000
TS_DEC_BOILER_WOOD	0.000274	0.000033	0.000000
TS_COAL_STOVE	17.625566	2.118451	0.000000
TS_DEC_BOILER_OIL	4.814732	0.578692	0.000000
TS_DHN_DAILY	0.000292	0.000025	0.000000
TS_DHN_SEASONAL	28.363137	2.988169	0.000000
TS_HIGH_TEMP	0.000410	0.000085	0.000000
GAS_STORAGE	73.035805	66.930496	0.000000
H2_STORAGE	0.004409	0.000367	0.000000
DIESEL_STORAGE	0.002478	0.001689	0.000000
GASOLINE_STORAGE	0.002482	0.001692	0.000000
LFO_STORAGE	0.002463	0.001679	0.000000
AMMONIA_STORAGE	0.000000	0.000000	0.000000
METHANOL_STORAGE	0.002443	0.001665	0.000000
CO2_STORAGE	0.003844	0.000923	0.000000
PT_STORAGE	0.002036	0.000422	0.000000
ST_STORAGE	0.002084	0.000432	0.000000
TS_COLD	0.000000	0.000000	0.000000
CAES	0.000000	0.000000	0.000000
EFFICIENCY	0.000000	0.000000	0.000000
DHN	273.100868	0.000000	0.000000
GRID	1614.380110	0.000000	0.000000
HVAC_LINE	0.000000	0.000000	0.000000
PT_COLLECTOR	0.000000	0.000000	0.000000
ST_COLLECTOR	0.000000	0.000000	0.000000
H2_ELECTROLYSIS	0.000000	0.000000	0.000000
SMR	0.000000	0.000000	0.000000
H2_BIOMASS	0.000159	0.000135	0.000000
GASIFICATION_SNG	0.000119	0.000086	0.000000
SYN_METHANATION	0.000021	0.000118	0.000000
BIOMETHANATION	0.000000	0.000000	0.000000
BIO_HYDROLYSIS	0.000000	0.000000	0.000000
PYROLYSIS_TO_LFO	0.000000	0.000000	0.000000
PYROLYSIS_TO_FUELS	0.000000	0.000000	0.000000
ATM_CCS	0.000083	0.000060	0.000000
INDUSTRY_CCS	0.000000	0.000000	0.000000
AMMONIA_TO_H2	0.000000	0.000000	0.000000
ELECTRICITY	0.000000	0.000000	140.847704
GASOLINE	0.000000	0.000000	853.336082
DIESEL	0.000000	0.000000	13642.112637
BIOETHANOL	0.000000	0.000000	0.000270
BIODIESEL	0.000000	0.000000	0.000251
LFO	0.000000	0.000000	8427.691778
GAS	0.000000	0.000000	15490.119795
GAS_RE	0.000000	0.000000	0.000000
WOOD	0.000000	0.000000	1204.960012
WET_BIOMASS	0.000000	0.000000	0.000000
IMPORTED_COAL	0.000000	0.000000	1713.190432
LOCAL_COAL	0.000000	0.000000	5444.595216
URANIUM	0.000000	0.000000	0.000000
WASTE	0.000000	0.000000	2.563748
H2	0.000000	0.000000	0.000000
H2_RE	0.000000	0.000000	0.000000
AMMONIA	0.000000	0.000000	0.000000
METHANOL	0.000000	0.000000	0.000000
AMMONIA_RE	0.000000	0.000000	0.000000
METHANOL_RE	0.000000	0.000000	0.000000
ELEC_EXPORT	0.000000	0.000000	0.000000
CO2_EMISSIONS	0.000000	0.000000	0.000000
RES_WIND	0.000000	0.000000	0.000000
RES_SOLAR	0.000000	0.000000	0.000000
RES_HYDRO	0.000000	0.000000	0.000000
RES_GEO	0.000000	0.000000	0.000000
CO2_ATM	0.000000	0.000000	0.000000
CO2_INDUSTRY	0.000000	0.000000	0.000000
CO2_CAPTURED	0.000000	0.000000	0.000000
PT_HEAT	0.000000	0.000000	0.000000
ST_HEAT	0.000000	0.000000	0.000000
