TECHNOLOGIES	 c_inv	 c_maint	 lifetime	  f_min	 f	 f_max	 fmin_perc	f_perc	 fmax_perc	 c_p	 c_p_max	 tau	 gwp_constr
 UNITS	[M€/GW]	 [M€/GW/y]	 [y]	 [GW or GWh]	 [GW or GWh]	 [GW or GWh]	 [0-1]	 [0-1]	 [0-1]	 [0-1]	 [0-1]	 [-]	 [ktCO2-eq./GW or GWh] 
NUCLEAR	0.000000	0.000000	60.000000	0.000000	0.000000	0.000000	0.000000	0.000000	1.000000	0.000000	0.843906	0.065586	0.000000
CCGT	0.000013	0.000000	25.000000	0.000000	0.000000	Infinity	0.000000	0.000000	1.000000	0.000021	0.850000	0.081224	0.000002
CCGT_AMMONIA	0.000011	0.000000	25.000000	0.000000	0.000000	Infinity	0.000000	0.000000	1.000000	0.000008	0.961538	0.081224	0.000002
IMPORTED_COAL_CENTRAL	0.000000	0.000000	35.000000	0.000000	0.000000	0.000000	0.000000	0.000000	1.000000	0.000000	0.868000	0.072238	0.000000
LOCAL_COAL_CENTRAL	0.000018	0.000000	35.000000	0.000000	0.000000	Infinity	0.000000	0.000000	1.000000	0.000013	0.856000	0.072238	0.000002
BIOMASS_TO_POWER	0.000012	0.000001	35.000000	0.000000	0.000000	Infinity	0.000000	0.000000	1.000000	0.000010	0.868000	0.072238	0.000002
PV_ROOFTOP	312.060011	4.110000	40.000000	0.300000	0.300000	98.400000	0.000000	0.002806	1.000000	0.177605	1.000000	0.069840	624.429022
PV_UTILITY	11409.468110	286.621639	25.000000	0.000000	24.085852	708.000000	0.000000	0.261870	1.000000	0.206478	1.000000	0.081224	50133.015004
PT_POWER_BLOCK	0.000008	0.000000	25.000000	0.000000	0.000000	Infinity	0.000000	0.000000	1.000000	0.000003	1.000000	0.081224	0.000000
ST_POWER_BLOCK	0.000007	0.000001	25.000000	0.000000	0.000000	Infinity	0.000000	0.000000	1.000000	0.000002	1.000000	0.081224	0.000000
WIND_ONSHORE	0.000049	0.000001	30.000000	0.000000	0.000000	7.300000	0.000000	0.000000	1.000000	0.000076	1.000000	0.075785	0.000021
WIND_OFFSHORE	5324.294709	214.100848	30.000000	0.000000	3.002817	48.800000	0.000000	0.077847	1.000000	0.492341	1.000000	0.075785	1870.304529
HYDRO_DAM	66063.439656	661.439997	40.000000	10.536000	21.200000	21.200000	0.000000	0.558155	1.000000	0.500000	1.000000	0.069840	35889.055813
HYDRO_RIVER	10735.759993	107.540000	40.000000	3.777000	3.800000	3.800000	0.000000	0.099321	1.000000	0.496374	1.000000	0.069840	4798.715997
TIDAL	0.000000	0.000000	20.000000	0.000000	0.000000	0.000000	0.000000	0.000000	1.000000	0.000000	1.000000	0.090037	0.000000
WAVE	0.000000	0.000000	20.000000	0.000000	0.000000	0.000000	0.000000	0.000000	1.000000	0.000000	1.000000	0.090037	0.000000
GEOTHERMAL	0.000034	0.000001	30.000000	0.000000	0.000000	1.200000	0.000000	0.000000	1.000000	0.000022	0.860000	0.075785	0.000080
IND_COGEN_GAS	0.000012	0.000001	25.000000	0.000000	0.000000	Infinity	0.000000	0.000000	1.000000	0.000025	0.850000	0.081224	0.000006
IND_COGEN_WOOD	0.000014	0.000001	25.000000	0.000000	0.000000	Infinity	0.000000	0.000000	1.000000	0.000029	0.850000	0.081224	0.000002
IND_COGEN_WASTE	0.000015	0.000001	25.000000	0.000000	0.000000	Infinity	0.000000	0.000000	1.000000	0.000014	0.850000	0.081224	0.000002
IND_BOILER_GAS	10.636274	0.217328	17.000000	0.000000	0.127840	Infinity	0.000000	0.009927	1.000000	0.333333	0.950000	0.098209	1.574987
IND_BOILER_WOOD	438.851671	8.901109	17.000000	0.000000	2.697306	Infinity	0.000000	0.565504	1.000000	0.900000	0.900000	0.098209	77.871221
IND_BOILER_OIL	0.000010	0.000000	17.000000	0.000000	0.000000	Infinity	0.000000	0.000000	1.000000	0.000069	0.950000	0.098209	0.000002
IND_BOILER_COAL	0.000012	0.000000	17.000000	0.000000	0.000000	Infinity	0.000000	0.000000	1.000000	0.000125	0.900000	0.098209	0.000003
IND_BOILER_WASTE	175.094934	3.551403	17.000000	0.000000	1.076183	Infinity	0.000000	0.225627	1.000000	0.900000	0.900000	0.098209	31.069396
IND_DIRECT_ELEC	421.972825	1.887820	15.000000	0.000000	0.898962	Infinity	0.000000	0.198943	1.000000	0.950000	0.950000	0.105671	1.321474
DHN_HP_ELEC	2442.054902	82.756019	25.000000	0.000000	5.015516	Infinity	0.000000	1.000000	1.000000	0.879476	0.950000	0.081224	876.662100
DHN_COGEN_GAS	0.000010	0.000000	25.000000	0.000000	0.000000	Infinity	0.000000	0.000000	1.000000	0.000014	0.850000	0.081224	0.000003
DHN_COGEN_WOOD	0.000009	0.000000	25.000000	0.000000	0.000000	Infinity	0.000000	0.000000	1.000000	0.000014	0.850000	0.081224	0.000001
DHN_COGEN_WASTE	0.000012	0.000000	25.000000	0.000000	0.000000	Infinity	0.000000	0.000000	1.000000	0.000009	0.850000	0.081224	0.000002
DHN_COGEN_WET_BIOMASS	0.000010	0.000001	25.000000	0.000000	0.000000	Infinity	0.000000	0.000000	1.000000	0.000025	0.745500	0.081224	0.000008
DHN_COGEN_BIO_HYDROLYSIS	0.000015	0.000001	15.000000	0.000000	0.000000	Infinity	0.000000	0.000000	1.000000	0.000015	0.844900	0.105671	0.000002
DHN_BOILER_GAS	0.000001	0.000000	17.000000	0.000000	0.000000	Infinity	0.000000	0.000000	1.000000	0.000029	0.950000	0.098209	0.000000
DHN_BOILER_WOOD	0.000002	0.000000	17.000000	0.000000	0.000000	Infinity	0.000000	0.000000	1.000000	0.000031	0.900000	0.098209	0.000000
DHN_BOILER_OIL	0.000001	0.000000	17.000000	0.000000	0.000000	Infinity	0.000000	0.000000	1.000000	0.000020	0.950000	0.098209	0.000000
DHN_DEEP_GEO	0.000000	0.000000	30.000000	0.000000	0.000000	0.000000	0.000000	0.000000	1.000000	0.000000	0.850000	0.075785	0.000000
DHN_SOLAR	0.000010	0.000000	30.000000	0.000000	0.000000	Infinity	0.000000	0.000000	1.000000	0.000030	1.000000	0.075785	0.000004
DEC_HP_ELEC	8039.438451	343.555859	18.000000	0.000000	11.567537	Infinity	0.000000	1.000000	1.000000	0.377337	1.000000	0.095150	1907.371232
DEC_THHP_GAS	0.000101	0.000003	20.000000	0.000000	0.000000	Infinity	0.000000	0.000000	1.000000	0.000860	1.000000	0.090037	0.000086
DEC_COGEN_GAS	0.000020	0.000001	20.000000	0.000000	0.000000	Infinity	0.000000	0.000000	1.000000	0.000020	1.000000	0.090037	0.000010
DEC_COGEN_OIL	0.000018	0.000001	20.000000	0.000000	0.000000	Infinity	0.000000	0.000000	1.000000	0.000015	1.000000	0.090037	0.000010
DEC_ADVCOGEN_GAS	0.000028	0.000001	20.000000	0.000000	0.000000	Infinity	0.000000	0.000000	1.000000	0.000005	1.000000	0.090037	0.000006
DEC_ADVCOGEN_H2	0.000025	0.000000	20.000000	0.000000	0.000000	Infinity	0.000000	0.000000	1.000000	0.000003	1.000000	0.090037	0.000005
DEC_BOILER_GAS	0.000019	0.000001	17.000000	0.000000	0.000000	Infinity	0.000000	0.000000	1.000000	0.000098	1.000000	0.098209	0.000002
DEC_BOILER_WOOD	0.000022	0.000001	17.000000	0.000000	0.000000	Infinity	0.000000	0.000000	1.000000	0.000068	1.000000	0.098209	0.000001
COAL_STOVE	0.000019	0.000001	17.000000	0.000000	0.000000	Infinity	0.000000	0.000000	1.000000	0.000034	1.000000	0.098209	0.000001
DEC_BOILER_OIL	0.000014	0.000001	17.000000	0.000000	0.000000	Infinity	0.000000	0.000000	1.000000	0.000043	1.000000	0.098209	0.000002
DEC_SOLAR	0.000598	0.000007	20.000000	0.000000	0.000001	Infinity	0.000000	0.000000	1.000000	0.001056	1.000000	0.090037	0.000130
DEC_DIRECT_ELEC	0.000075	0.000000	15.000000	0.000000	0.000001	Infinity	0.000000	0.000000	1.000000	0.001275	1.000000	0.105671	0.000002
DEC_THHP_GAS_COLD	30.829209	0.925522	20.000000	0.000000	0.071746	Infinity	0.000000	0.004918	1.000000	0.056162	1.000000	0.090037	27.401908
DEC_ELEC_COLD	627.629258	26.803340	18.000000	0.000000	0.937180	Infinity	0.000000	0.995082	1.000000	0.869929	1.000000	0.095150	154.531564
IND_ELEC_COLD	40.765068	0.331879	20.000000	0.000000	0.046744	Infinity	0.000000	1.000000	1.000000	0.950000	0.950000	0.090037	8.170309
TRAMWAY_TROLLEY	3510.840586	70.002033	30.000000	0.000000	3.977388	Infinity	0.000000	0.035000	0.035000	0.342466	0.342466	0.075785	0.000000
BUS_COACH_DIESEL	82558.058833	4122.642030	15.000000	0.000000	95.652947	Infinity	0.000000	0.729492	1.000000	0.296804	0.296804	0.105671	0.000000
BUS_COACH_GASOLINE	0.000002	0.000000	15.000000	0.000000	0.000000	Infinity	0.000000	0.000000	1.000000	0.000004	0.296804	0.105671	0.000000
BUS_COACH_HYDIESEL	0.000004	0.000000	15.000000	0.000000	0.000000	Infinity	0.000000	0.000000	1.000000	0.000008	0.296804	0.105671	0.000000
BUS_COACH_CNG_STOICH	26652.913882	1330.947270	15.000000	0.000000	30.880447	Infinity	0.000000	0.235508	1.000000	0.296804	0.296804	0.105671	0.000000
BUS_COACH_FC_HYBRIDH2	0.000002	0.000000	15.000000	0.000000	0.000000	Infinity	0.000000	0.000000	1.000000	0.000003	0.296804	0.105671	0.000000
TRAIN_PUB	0.000003	0.000000	40.000000	0.000000	0.000000	Infinity	0.000000	0.000000	0.210000	0.000004	0.275073	0.069840	0.000000
MOTORCYCLE	5115.732962	287.021321	10.000000	0.000000	168.836071	Infinity	0.000000	0.520000	0.520000	0.051370	0.051370	0.138454	0.000000
CAR_GASOLINE	0.000001	0.000000	10.000000	0.000000	0.000000	Infinity	0.000000	0.000000	1.000000	0.000001	0.051370	0.138454	0.000000
CAR_DIESEL	0.000002	0.000000	10.000000	0.000000	0.000000	Infinity	0.000000	0.000000	1.000000	0.000002	0.051370	0.138454	0.000000
CAR_NG	0.000003	0.000000	10.000000	0.000000	0.000000	Infinity	0.000000	0.000000	1.000000	0.000003	0.051370	0.138454	0.000000
CAR_METHANOL	0.000002	0.000000	10.000000	0.000000	0.000000	Infinity	0.000000	0.000000	1.000000	0.000002	0.051370	0.138454	0.000000
CAR_HEV	0.000001	0.000000	10.000000	0.000000	0.000000	Infinity	0.000000	0.000000	1.000000	0.000001	0.051370	0.138454	0.000000
CAR_PHEV	0.000476	0.000035	10.000000	0.000000	0.000001	Infinity	0.000000	0.000000	1.000000	0.000181	0.051370	0.138454	0.000000
MOTORCYCLE_ELECTRIC	479.234696	10.714597	10.000000	0.000000	9.740543	Infinity	0.000000	0.030000	0.520000	0.051370	0.051370	0.138454	0.000000
CAR_BEV	89520.456346	2060.124750	10.000000	0.000000	146.108138	Infinity	0.000000	0.450000	1.000000	0.051370	0.051370	0.138454	0.000000
CAR_FUEL_CELL	0.000002	0.000000	10.000000	0.000000	0.000000	Infinity	0.000000	0.000000	1.000000	0.000001	0.051370	0.138454	0.000000
TRAIN_FREIGHT	2019.211560	39.699753	40.000000	0.000000	13.689570	Infinity	0.000000	1.000000	1.000000	0.342466	0.342466	0.069840	0.000000
BOAT_FREIGHT_DIESEL	5908.418367	295.694710	40.000000	0.000000	54.758280	Infinity	0.000000	1.000000	1.000000	0.114155	0.114155	0.069840	0.000000
BOAT_FREIGHT_NG	0.000002	0.000000	40.000000	0.000000	0.000000	Infinity	0.000000	0.000000	1.000000	0.000017	0.114155	0.069840	0.000000
BOAT_FREIGHT_METHANOL	0.000000	0.000000	40.000000	0.000000	0.000000	Infinity	0.000000	0.000000	1.000000	0.000003	0.114155	0.069840	0.000000
TRUCK_DIESEL	26541.637951	1326.575571	15.000000	0.000000	50.632655	Infinity	0.000000	1.000000	1.000000	0.092593	0.092593	0.105671	0.000000
TRUCK_GASOLINE	0.000001	0.000000	15.000000	0.000000	0.000000	Infinity	0.000000	0.000000	1.000000	0.000002	0.092593	0.105671	0.000000
TRUCK_METHANOL	0.000000	0.000000	15.000000	0.000000	0.000000	Infinity	0.000000	0.000000	1.000000	0.000001	0.092593	0.105671	0.000000
TRUCK_FUEL_CELL	0.000068	0.000002	15.000000	0.000000	0.000000	Infinity	0.000000	0.000000	1.000000	0.000111	0.092593	0.105671	0.000000
TRUCK_ELEC	0.000000	0.000000	15.000000	0.000000	0.000000	Infinity	0.000000	0.000000	1.000000	0.000000	0.092593	0.105671	0.000000
TRUCK_NG	0.000002	0.000000	15.000000	0.000000	0.000000	Infinity	0.000000	0.000000	1.000000	0.000004	0.092593	0.105671	0.000000
HABER_BOSCH	0.000013	0.000000	20.000000	0.000000	0.000000	Infinity	0.000000	1.000000	1.000000	0.000031	1.000000	0.090037	0.000000
OIL_TO_HVC	1999.269042	10.750685	15.000000	0.000000	3.583562	Infinity	0.000000	1.000000	1.000000	1.000000	1.000000	0.105671	0.000000
GAS_TO_HVC	0.000012	0.000000	25.000000	0.000000	0.000000	Infinity	0.000000	0.000000	1.000000	0.000015	1.000000	0.081224	0.000000
BIOMASS_TO_HVC	0.000018	0.000001	20.000000	0.000000	0.000000	Infinity	0.000000	0.000000	1.000000	0.000039	1.000000	0.090037	0.000000
METHANOL_TO_HVC	0.000016	0.000001	20.000000	0.000000	0.000000	Infinity	0.000000	0.000000	1.000000	0.000101	1.000000	0.090037	0.000000
SYN_METHANOLATION	0.000016	0.000000	20.000000	0.000000	0.000000	Infinity	0.000000	0.268201	1.000000	0.000029	0.950000	0.090037	0.000000
METHANE_TO_METHANOL	0.000015	0.000001	25.000000	0.000000	0.000000	Infinity	0.000000	0.392295	1.000000	0.000043	0.850000	0.081224	0.000000
BIOMASS_TO_METHANOL	0.000022	0.000000	20.000000	0.000000	0.000000	Infinity	0.000000	0.339504	1.000000	0.000037	1.000000	0.090037	0.000000
DAM_STORAGE	0.000000	0.000000	40.000000	23551.227118	47388.573681	47388.573928	0.000000	-1.000000	1.000000	0.000068	1.000000	0.069840	
PHS	0.000000	0.000000	50.000000	0.000000	0.000000	0.000000	0.000000	-1.000000	1.000000	0.000000	1.000000	0.067014	
BATT_LI	0.000051	0.000000	15.000000	0.000000	0.000000	Infinity	0.000000	-1.000000	1.000000	0.000012	1.000000	0.105671	
BEV_BATT	0.000000	0.000000	1.000000	0.000000	144.948550	Infinity	0.000000	-1.000000	1.000000	0.006513	1.000000	1.064000	
PHEV_BATT	0.000000	0.000000	1.000000	0.000000	0.000000	Infinity	0.000000	-1.000000	1.000000	0.000010	1.000000	1.064000	
TS_DEC_DIRECT_ELEC	0.000098	0.000001	25.000000	0.000000	0.000004	Infinity	0.000000	-1.000000	1.000000	0.000957	1.000000	0.081224	
TS_DEC_HP_ELEC	2286.425689	17.062878	25.000000	0.000000	85.314391	Infinity	0.000000	-1.000000	1.000000	0.030343	1.000000	0.081224	
TS_DEC_THHP_GAS	0.000060	0.000000	25.000000	0.000000	0.000002	Infinity	0.000000	-1.000000	1.000000	0.000498	1.000000	0.081224	
TS_DEC_COGEN_GAS	0.000049	0.000000	25.000000	0.000000	0.000002	Infinity	0.000000	-1.000000	1.000000	0.000050	1.000000	0.081224	
TS_DEC_COGEN_OIL	0.000049	0.000000	25.000000	0.000000	0.000002	Infinity	0.000000	-1.000000	1.000000	0.000044	1.000000	0.081224	
TS_DEC_ADVCOGEN_GAS	0.000049	0.000000	25.000000	0.000000	0.000002	Infinity	0.000000	-1.000000	1.000000	0.000024	1.000000	0.081224	
TS_DEC_ADVCOGEN_H2	0.000049	0.000000	25.000000	0.000000	0.000002	Infinity	0.000000	-1.000000	1.000000	0.000023	1.000000	0.081224	
TS_DEC_BOILER_GAS	0.000050	0.000000	25.000000	0.000000	0.000002	Infinity	0.000000	-1.000000	1.000000	0.000118	1.000000	0.081224	
TS_DEC_BOILER_WOOD	0.000049	0.000000	25.000000	0.000000	0.000002	Infinity	0.000000	-1.000000	1.000000	0.000105	1.000000	0.081224	
TS_COAL_STOVE	0.000517	0.000004	25.000000	0.000000	0.000019	Infinity	0.000000	-1.000000	1.000000	0.000424	1.000000	0.081224	
TS_DEC_BOILER_OIL	0.000049	0.000000	25.000000	0.000000	0.000002	Infinity	0.000000	-1.000000	1.000000	0.000089	1.000000	0.081224	
TS_DHN_DAILY	0.000075	0.000000	40.000000	0.000000	0.000018	Infinity	0.000000	-1.000000	1.000000	0.000173	1.000000	0.069840	
TS_DHN_SEASONAL	1946.937333	0.000000	25.000000	0.000000	2433.671667	Infinity	0.000000	-1.000000	1.000000	0.000972	1.000000	0.081224	
TS_HIGH_TEMP	0.000056	0.000001	25.000000	0.000000	0.000001	Infinity	0.000000	-1.000000	1.000000	0.000014	1.000000	0.081224	
GAS_STORAGE	37.320115	0.000000	30.000000	0.000000	373.201149	Infinity	0.000000	-1.000000	1.000000	0.000146	1.000000	0.075785	
H2_STORAGE	0.000396	0.000027	20.000000	0.000000	0.000045	Infinity	0.000000	-1.000000	1.000000	0.000014	1.000000	0.090037	
DIESEL_STORAGE	0.000000	0.000000	20.000000	0.000000	33505.095311	Infinity	0.000000	-1.000000	1.000000	0.000096	1.000000	0.090037	
GASOLINE_STORAGE	0.000000	0.000000	20.000000	0.000000	27777.652518	Infinity	0.000000	-1.000000	1.000000	0.000005	1.000000	0.090037	
LFO_STORAGE	0.000000	0.000000	20.000000	0.000000	42895.215745	Infinity	0.000000	-1.000000	1.000000	0.000030	1.000000	0.090037	
AMMONIA_STORAGE	0.000000	0.000000	20.000000	0.000000	31588.708728	Infinity	0.000000	-1.000000	1.000000	0.000000	1.000000	0.090037	
METHANOL_STORAGE	0.000000	0.000000	20.000000	0.000000	41029.295218	Infinity	0.000000	-1.000000	1.000000	0.000000	1.000000	0.090037	
CO2_STORAGE	0.000656	0.000007	20.000000	0.000000	0.000009	Infinity	0.000000	-1.000000	1.000000	0.000001	1.000000	0.090037	
PT_STORAGE	0.000661	0.000006	25.000000	0.000000	0.000013	Infinity	0.000000	-1.000000	1.000000	0.000031	1.000000	0.081224	
ST_STORAGE	0.000603	0.000007	25.000000	0.000000	0.000022	Infinity	0.000000	-1.000000	1.000000	0.000042	1.000000	0.081224	
TS_COLD	99.603078	1.128647	20.000000	0.000000	2.821617	Infinity	0.000000	-1.000000	1.000000	0.030981	1.000000	0.090037	
CAES	0.000000	0.000000	50.000000	0.000000	0.000000	0.000000	0.000000	-1.000000	1.000000	0.000000	1.000000	0.067014	
EFFICIENCY	0.000000	0.000000	1.000000	0.000000	0.939850	Infinity	0.000000	-1.000000	1.000000	0.000000	1.000000	1.064000	
H2_INFRASTRUCTURE	0.000029	0.000000	60.000000	0.000000	0.000000	Infinity	0.000000	-1.000000	1.000000	0.000000	1.000000	0.065586	
CHARGING_STATION	0.000000	0.000000	10.000000	0.000000	0.000000	Infinity	0.000000	-1.000000	1.000000	0.000000	1.000000	0.138454	
DHN	5850.599914	0.000000	60.000000	0.000000	5.015516	Infinity	0.000000	-1.000000	1.000000	0.000000	1.000000	0.065586	
GRID	119860.974885	0.000000	80.000000	0.000000	1.132736	Infinity	0.000000	-1.000000	1.000000	0.000000	1.000000	0.064451	
HVAC_LINE	0.000001	0.000000	40.000000	0.000000	0.000000	1.500000	0.000000	-1.000000	1.000000	0.000000	1.000000	0.069840	
PT_COLLECTOR	0.000080	0.000001	25.000000	0.000000	0.000000	Infinity	0.000000	-1.000000	1.000000	0.000038	1.000000	0.081224	
ST_COLLECTOR	0.000121	0.000001	25.000000	0.000000	0.000000	Infinity	0.000000	-1.000000	1.000000	0.000048	1.000000	0.081224	
H2_ELECTROLYSIS	0.000013	0.000000	15.000000	0.000000	0.000000	Infinity	0.000000	-1.000000	1.000000	0.000091	0.900000	0.105671	
SMR	0.000014	0.000001	25.000000	0.000000	0.000000	Infinity	0.000000	-1.000000	1.000000	0.000078	0.854840	0.081224	
H2_BIOMASS	0.000012	0.000001	25.000000	0.000000	0.000000	Infinity	0.000000	-1.000000	1.000000	0.000012	0.860000	0.081224	
GASIFICATION_SNG	0.000012	0.000001	25.000000	0.000000	0.000000	Infinity	0.000000	-1.000000	1.000000	0.000015	0.844900	0.081224	
SYN_METHANATION	0.000004	0.000001	40.000000	0.000000	0.000000	Infinity	0.000000	-1.000000	1.000000	0.000029	1.000000	0.069840	
BIOMETHANATION	1671.297758	23.160800	20.000000	0.000000	1.200041	Infinity	0.000000	-1.000000	1.000000	0.850000	0.850000	0.090037	
BIO_HYDROLYSIS	0.000038	0.000003	15.000000	0.000000	0.000000	Infinity	0.000000	-1.000000	1.000000	0.000140	0.844900	0.105671	
PYROLYSIS_TO_LFO	0.000014	0.000001	25.000000	0.000000	0.000000	Infinity	0.000000	-1.000000	1.000000	0.000030	0.844900	0.081224	
PYROLYSIS_TO_FUELS	0.000015	0.000000	25.000000	0.000000	0.000000	Infinity	0.000000	-1.000000	1.000000	0.000027	0.844900	0.081224	
ATM_CCS	0.000016	0.000000	40.000000	0.000000	0.000000	Infinity	0.000000	-1.000000	1.000000	0.000005	1.000000	0.069840	
INDUSTRY_CCS	0.000015	0.000000	40.000000	0.000000	0.000000	Infinity	0.000000	-1.000000	1.000000	0.000009	1.000000	0.069840	
AMMONIA_TO_H2	0.000008	0.000001	25.000000	0.000000	0.000000	Infinity	0.000000	-1.000000	1.000000	0.000017	0.860000	0.081224	