TECHNOLOGIES	 c_inv	 c_maint	 lifetime	  f_min	 f	 f_max	 fmin_perc	f_perc	 fmax_perc	 c_p	 c_p_max	 tau	 gwp_constr
 UNITS	[M€/GW]	 [M€/GW/y]	 [y]	 [GW or GWh]	 [GW or GWh]	 [GW or GWh]	 [0-1]	 [0-1]	 [0-1]	 [0-1]	 [0-1]	 [-]	 [ktCO2-eq./GW or GWh] 
NUCLEAR	0.000000	0.000000	60.000000	0.000000	0.000000	0.000000	0.000000	0.000000	1.000000	0.000000	0.844000	0.065586	0.000000
CCGT	2834.798391	67.587584	25.000000	2.430000	2.430000	2.430000	0.000000	0.170374	1.000000	0.648577	0.956000	0.081224	614.790000
CCGT_AMMONIA	0.000000	0.000000	25.000000	0.000000	0.000000	0.000000	0.000000	0.000000	1.000000	0.000000	0.590000	0.081224	0.000000
IMPORTED_COAL_CENTRAL	0.000000	0.000000	35.000000	0.000000	0.000000	0.000000	0.000000	0.000000	1.000000	0.000000	0.863000	0.072238	0.000000
LOCAL_COAL_CENTRAL	2242.672873	26.184344	35.000000	0.611000	0.611000	0.611000	0.000000	0.056209	1.000000	0.851000	0.851000	0.072238	292.669000
BIOMASS_TO_POWER	530.587115	20.663383	35.000000	0.210000	0.210000	0.210000	0.000000	0.019705	1.000000	0.868000	0.868000	0.072238	69.636000
PV_ROOFTOP	124.823866	1.645406	25.000000	0.120000	0.120000	0.120000	0.000000	0.004328	1.000000	0.333669	1.000000	0.081224	365.520000
PV_UTILITY	0.000000	0.000000	25.000000	0.000000	0.000000	0.000000	0.000000	0.000000	1.000000	0.000000	1.000000	0.081224	0.000000
PT_POWER_BLOCK	0.000000	0.000000	25.000000	0.000000	0.000000	0.000000	0.000000	0.000000	1.000000	0.000000	1.000000	0.081224	0.000000
ST_POWER_BLOCK	0.000000	0.000000	25.000000	0.000000	0.000000	0.000000	0.000000	0.000000	1.000000	0.000000	1.000000	0.081224	0.000000
WIND_ONSHORE	1.581885	0.026925	30.000000	0.001000	0.001000	0.001000	0.000000	0.000057	1.000000	0.523625	1.000000	0.075785	0.917000
WIND_OFFSHORE	0.000000	0.000000	30.000000	0.000000	0.000000	0.000000	0.000000	0.000000	1.000000	0.000000	1.000000	0.075785	0.000000
HYDRO_DAM	25365.641708	253.656238	40.000000	8.136000	8.140000	8.140000	0.000000	0.511705	1.000000	0.581515	1.000000	0.069840	20040.680000
HYDRO_RIVER	10679.133150	106.793316	40.000000	3.777000	3.780000	3.780000	0.000000	0.237622	1.000000	0.581515	1.000000	0.069840	6282.360000
TIDAL	0.000000	0.000000	20.000000	0.000000	0.000000	0.000000	0.000000	0.000000	1.000000	0.000000	1.000000	0.090037	0.000000
WAVE	0.000000	0.000000	20.000000	0.000000	0.000000	0.000000	0.000000	0.000000	1.000000	0.000000	1.000000	0.090037	0.000000
GEOTHERMAL	0.000000	0.000000	30.000000	0.000000	0.000000	0.000000	0.000000	0.000000	1.000000	0.000000	0.850000	0.075785	0.000000
IND_COGEN_GAS	861.665028	55.492800	25.000000	0.000000	0.400000	0.400000	0.000000	0.110234	1.000000	0.845000	0.845000	0.081224	590.000000
IND_COGEN_WOOD	0.000000	0.000000	25.000000	0.000000	0.000000	0.000000	0.000000	0.000000	1.000000	0.000000	0.845000	0.081224	0.000000
IND_COGEN_WASTE	0.000000	0.000000	25.000000	0.000000	0.000000	0.000000	0.000000	0.000000	1.000000	0.000000	0.845000	0.081224	0.000000
IND_BOILER_GAS	14.006228	0.281155	17.000000	0.000000	0.140592	Infinity	0.000000	0.043284	1.000000	0.944000	0.944000	0.098209	2.249466
IND_BOILER_WOOD	0.000000	0.000000	17.000000	0.000000	0.000000	0.000000	0.000000	0.000000	1.000000	0.000000	0.895000	0.098209	0.000000
IND_BOILER_OIL	0.000000	0.000000	17.000000	0.000000	0.000000	0.000000	0.000000	0.000000	1.000000	0.000000	0.944000	0.098209	0.000000
IND_BOILER_COAL	565.061329	11.322470	17.000000	0.000000	2.900000	2.900000	0.000000	0.846482	1.000000	0.895000	0.895000	0.098209	217.500000
IND_BOILER_WASTE	0.000000	0.000000	17.000000	0.000000	0.000000	0.000000	0.000000	0.000000	1.000000	0.000000	0.895000	0.098209	0.000000
IND_DIRECT_ELEC	0.000001	0.000000	15.000000	0.000000	0.000000	Infinity	0.000000	0.000000	1.000000	0.000002	0.944000	0.105671	0.000000
DHN_HP_ELEC	0.000000	0.000000	25.000000	0.000000	0.000000	0.000000	0.000000	0.000000	1.000000	0.000000	0.944000	0.081224	0.000000
DHN_COGEN_GAS	0.000000	0.000000	25.000000	0.000000	0.000000	0.000000	0.000000	0.000000	1.000000	0.000000	0.845000	0.081224	0.000000
DHN_COGEN_WOOD	1855.471968	67.933488	25.000000	1.120000	1.120000	1.120000	0.000000	1.000000	1.000000	0.196412	0.845000	0.081224	281.120000
DHN_COGEN_WASTE	0.000000	0.000000	25.000000	0.000000	0.000000	0.000000	0.000000	0.000000	1.000000	0.000000	0.845000	0.081224	0.000000
DHN_COGEN_WET_BIOMASS	0.000000	0.000000	25.000000	0.000000	0.000000	0.000000	0.000000	0.000000	1.000000	0.000000	0.746000	0.081224	0.000000
DHN_COGEN_BIO_HYDROLYSIS	0.000000	0.000000	15.000000	0.000000	0.000000	0.000000	0.000000	0.000000	1.000000	0.000000	0.845000	0.105671	0.000000
DHN_BOILER_GAS	0.000000	0.000000	17.000000	0.000000	0.000000	0.000000	0.000000	0.000000	1.000000	0.000000	0.944000	0.098209	0.000000
DHN_BOILER_WOOD	0.000000	0.000000	17.000000	0.000000	0.000000	0.000000	0.000000	0.000000	1.000000	0.000000	0.895000	0.098209	0.000000
DHN_BOILER_OIL	0.000000	0.000000	17.000000	0.000000	0.000000	0.000000	0.000000	0.000000	1.000000	0.000000	0.944000	0.098209	0.000000
DHN_DEEP_GEO	0.000000	0.000000	30.000000	0.000000	0.000000	0.000000	0.000000	0.000000	1.000000	0.000000	0.845000	0.075785	0.000000
DHN_SOLAR	0.000000	0.000000	30.000000	0.000000	0.000000	0.000000	0.000000	0.000000	1.000000	0.000000	1.000000	0.075785	0.000000
DEC_HP_ELEC	0.000000	0.000000	18.000000	0.000000	0.000000	0.000000	0.000000	0.000000	1.000000	0.000000	1.000000	0.095150	0.000000
DEC_THHP_GAS	0.000001	0.000000	20.000000	0.000000	0.000000	Infinity	0.000000	0.000000	1.000000	0.000000	1.000000	0.090037	0.000001
DEC_COGEN_GAS	0.000000	0.000000	20.000000	0.000000	0.000000	0.000000	0.000000	0.000000	1.000000	0.000000	1.000000	0.090037	0.000000
DEC_COGEN_OIL	624.378019	38.308202	20.000000	0.312000	0.312000	0.312000	0.000000	0.000000	1.000000	0.000000	1.000000	0.090037	463.632000
DEC_ADVCOGEN_GAS	0.000000	0.000000	20.000000	0.000000	0.000000	0.000000	0.000000	0.000000	1.000000	0.000000	1.000000	0.090037	0.000000
DEC_ADVCOGEN_H2	0.000000	0.000000	20.000000	0.000000	0.000000	0.000000	0.000000	0.000000	1.000000	0.000000	1.000000	0.090037	0.000000
DEC_BOILER_GAS	2738.552602	82.330789	17.000000	0.000000	10.211571	Infinity	0.500000	0.500000	1.000000	0.289588	1.000000	0.098209	316.558693
DEC_BOILER_WOOD	6151.541470	215.660416	17.000000	0.000000	7.863557	Infinity	0.500000	0.500000	1.000000	0.376057	1.000000	0.098209	235.906717
COAL_STOVE	0.000000	0.000000	17.000000	0.000000	0.000000	0.000000	0.000000	0.000000	1.000000	0.000000	1.000000	0.098209	0.000000
DEC_BOILER_OIL	0.000000	0.000000	17.000000	0.000000	0.000000	0.000000	0.000000	0.000000	1.000000	0.000000	1.000000	0.098209	0.000000
DEC_SOLAR	0.000000	0.000000	20.000000	0.000000	0.000000	0.000000	0.000000	0.000000	1.000000	0.000000	1.000000	0.090037	0.000000
DEC_DIRECT_ELEC	0.000001	0.000000	15.000000	0.000000	0.000000	Infinity	0.000000	0.000000	1.000000	0.000000	1.000000	0.105671	0.000000
DEC_THHP_GAS_COLD	0.000000	0.000000	20.000000	0.000000	0.000000	0.000000	0.000000	0.000000	1.000000	0.000000	1.000000	0.090037	0.000000
DEC_ELEC_COLD	792.283427	33.170052	18.000000	0.000000	1.062666	Infinity	0.000000	1.000000	1.000000	0.546142	1.000000	0.095150	175.222973
IND_ELEC_COLD	31.291997	0.254112	20.000000	0.000000	0.033381	Infinity	0.000000	1.000000	1.000000	0.950000	0.950000	0.090037	5.834735
TRAMWAY_TROLLEY	0.000000	0.000000	30.000000	0.000000	0.000000	0.000000	0.000000	0.000000	1.000000	0.000000	0.342000	0.075785	0.000000
BUS_COACH_DIESEL	57301.218455	3028.114888	15.000000	0.000000	70.197916	Infinity	0.750000	0.750000	1.000000	0.297000	0.297000	0.105671	0.000000
BUS_COACH_GASOLINE	19100.406152	1009.834468	15.000000	0.000000	23.399305	Infinity	0.250000	0.250000	1.000000	0.297000	0.297000	0.105671	0.000000
BUS_COACH_HYDIESEL	0.000000	0.000000	15.000000	0.000000	0.000000	0.000000	0.000000	0.000000	1.000000	0.000000	0.297000	0.105671	0.000000
BUS_COACH_CNG_STOICH	0.000000	0.000000	15.000000	0.000000	0.000000	0.000000	0.000000	0.000000	1.000000	0.000000	0.297000	0.105671	0.000000
BUS_COACH_FC_HYBRIDH2	0.000000	0.000000	15.000000	0.000000	0.000000	0.000000	0.000000	0.000000	1.000000	0.000000	0.297000	0.105671	0.000000
TRAIN_PUB	0.000000	0.000000	40.000000	0.000000	0.000000	Infinity	0.000000	0.000000	1.000000	0.000000	0.275000	0.069840	0.000000
MOTORCYCLE	3479.934537	210.522933	10.000000	0.000000	121.471890	Infinity	0.520000	0.520000	1.000000	0.051000	0.051000	0.138454	0.000000
CAR_GASOLINE	43193.404977	2613.088124	10.000000	0.000000	77.087930	Infinity	0.330000	0.330000	1.000000	0.051000	0.051000	0.138454	0.000000
CAR_DIESEL	0.000000	0.000000	10.000000	0.000000	0.000000	0.000000	0.000000	0.000000	1.000000	0.000000	0.051000	0.138454	0.000000
CAR_NG	20304.655411	1187.767329	10.000000	0.000000	35.039968	Infinity	0.150000	0.150000	1.000000	0.051000	0.051000	0.138454	0.000000
CAR_METHANOL	0.000000	0.000000	10.000000	0.000000	0.000000	0.000000	0.000000	0.000000	1.000000	0.000000	0.051000	0.138454	0.000000
CAR_HEV	0.000000	0.000000	10.000000	0.000000	0.000000	0.000000	0.000000	0.000000	1.000000	0.000000	0.051000	0.138454	0.000000
CAR_PHEV	0.000000	0.000000	10.000000	0.000000	0.000000	0.000000	0.000000	0.000000	1.000000	0.000000	0.051000	0.138454	0.000000
MOTORCYCLE_ELECTRIC	0.000000	0.000000	10.000000	0.000000	0.000000	0.000000	0.000000	0.000000	1.000000	0.000000	0.051000	0.138454	0.000000
CAR_BEV	0.000000	0.000000	10.000000	0.000000	0.000000	0.000000	0.000000	0.000000	1.000000	0.000000	0.051000	0.138454	0.000000
CAR_FUEL_CELL	0.000000	0.000000	10.000000	0.000000	0.000000	0.000000	0.000000	0.000000	1.000000	0.000000	0.051000	0.138454	0.000000
TRAIN_FREIGHT	1008.931945	20.216217	40.000000	0.000000	6.854117	Infinity	0.000000	1.000000	1.000000	0.342000	0.342000	0.069840	0.000000
BOAT_FREIGHT_DIESEL	897.429602	47.539565	40.000000	0.000000	8.812436	Infinity	0.000000	1.000000	1.000000	0.114000	0.114000	0.069840	0.000000
BOAT_FREIGHT_NG	0.000000	0.000000	40.000000	0.000000	0.000000	0.000000	0.000000	0.000000	1.000000	0.000000	0.114000	0.069840	0.000000
BOAT_FREIGHT_METHANOL	0.000000	0.000000	40.000000	0.000000	0.000000	0.000000	0.000000	0.000000	1.000000	0.000000	0.114000	0.069840	0.000000
TRUCK_DIESEL	20784.524196	1100.966127	15.000000	0.000000	42.009101	Infinity	0.500000	0.500000	1.000000	0.093000	0.093000	0.105671	0.000000
TRUCK_GASOLINE	20786.300802	1100.966127	15.000000	0.000000	42.009101	Infinity	0.500000	0.500000	1.000000	0.093000	0.093000	0.105671	0.000000
TRUCK_METHANOL	0.000000	0.000000	15.000000	0.000000	0.000000	0.000000	0.000000	0.000000	1.000000	0.000000	0.093000	0.105671	0.000000
TRUCK_FUEL_CELL	0.000000	0.000000	15.000000	0.000000	0.000000	0.000000	0.000000	0.000000	1.000000	0.000000	0.093000	0.105671	0.000000
TRUCK_ELEC	0.000000	0.000000	15.000000	0.000000	0.000000	0.000000	0.000000	0.000000	1.000000	0.000000	0.093000	0.105671	0.000000
TRUCK_NG	0.000000	0.000000	15.000000	0.000000	0.000000	0.000000	0.000000	0.000000	1.000000	0.000000	0.093000	0.105671	0.000000
HABER_BOSCH	0.000001	0.000000	20.000000	0.000000	0.000000	Infinity	0.000000	0.173254	1.000000	0.000002	0.994000	0.090037	0.000000
OIL_TO_HVC	1635.076598	8.692948	15.000000	0.000000	2.575154	Infinity	0.000000	1.000000	1.000000	0.994000	0.994000	0.105671	0.000000
GAS_TO_HVC	0.000000	0.000000	25.000000	0.000000	0.000000	0.000000	0.000000	0.000000	1.000000	0.000000	0.994000	0.081224	0.000000
BIOMASS_TO_HVC	0.000000	0.000000	20.000000	0.000000	0.000000	0.000000	0.000000	0.000000	1.000000	0.000000	0.994000	0.090037	0.000000
METHANOL_TO_HVC	0.000000	0.000000	20.000000	0.000000	0.000000	0.000000	0.000000	0.000000	1.000000	0.000000	0.994000	0.090037	0.000000
METHANE_TO_METHANOL	0.000001	0.000000	25.000000	0.000000	0.000000	Infinity	0.000000	0.002032	1.000000	0.000000	0.845000	0.081224	0.000000
BIOMASS_TO_METHANOL	0.000001	0.000000	20.000000	0.000000	0.000000	Infinity	0.000000	0.002086	1.000000	0.000000	0.994000	0.090037	0.000000
DAM_STORAGE	0.000000	0.000000	40.000000	18181.000000	18189.938540	18189.938540	0.000000	-1.000000	1.000000	0.000047	1.000000	0.069840	
PHS	0.000000	0.000000	50.000000	0.000000	0.000000	0.000000	0.000000	-1.000000	1.000000	0.000000	1.000000	0.067014	
BATT_LI	0.000003	0.000000	15.000000	0.000000	0.000000	Infinity	0.000000	-1.000000	1.000000	0.000000	1.000000	0.105671	
BEV_BATT	0.000000	0.000000	1.000000	0.000000	0.000000	Infinity	0.000000	-1.000000	1.000000	0.000000	1.000000	1.064000	
PHEV_BATT	0.000000	0.000000	1.000000	0.000000	0.000000	Infinity	0.000000	-1.000000	1.000000	0.000000	1.000000	1.064000	
TS_DEC_DIRECT_ELEC	0.000003	0.000000	25.000000	0.000000	0.000000	Infinity	0.000000	-1.000000	1.000000	0.000000	1.000000	0.081224	
TS_DEC_HP_ELEC	0.000002	0.000000	25.000000	0.000000	0.000000	Infinity	0.000000	-1.000000	1.000000	0.000000	1.000000	0.081224	
TS_DEC_THHP_GAS	0.000003	0.000000	25.000000	0.000000	0.000000	Infinity	0.000000	-1.000000	1.000000	0.000000	1.000000	0.081224	
TS_DEC_COGEN_GAS	0.000002	0.000000	25.000000	0.000000	0.000000	Infinity	0.000000	-1.000000	1.000000	0.000000	1.000000	0.081224	
TS_DEC_COGEN_OIL	0.000003	0.000000	25.000000	0.000000	0.000000	Infinity	0.000000	-1.000000	1.000000	0.000000	1.000000	0.081224	
TS_DEC_ADVCOGEN_GAS	0.000002	0.000000	25.000000	0.000000	0.000000	Infinity	0.000000	-1.000000	1.000000	0.000000	1.000000	0.081224	
TS_DEC_ADVCOGEN_H2	0.000002	0.000000	25.000000	0.000000	0.000000	Infinity	0.000000	-1.000000	1.000000	0.000000	1.000000	0.081224	
TS_DEC_BOILER_GAS	1143.867419	8.024436	25.000000	0.000000	42.774177	Infinity	0.000000	-1.000000	1.000000	0.029426	1.000000	0.081224	
TS_DEC_BOILER_WOOD	1550.927901	10.880038	25.000000	0.000000	57.995938	Infinity	0.000000	-1.000000	1.000000	0.029691	1.000000	0.081224	
TS_COAL_STOVE	0.000022	0.000000	25.000000	0.000000	0.000001	Infinity	0.000000	-1.000000	1.000000	0.000000	1.000000	0.081224	
TS_DEC_BOILER_OIL	0.000002	0.000000	25.000000	0.000000	0.000000	Infinity	0.000000	-1.000000	1.000000	0.000000	1.000000	0.081224	
TS_DHN_DAILY	0.000000	0.000000	40.000000	0.000000	0.000000	0.000000	0.000000	-1.000000	1.000000	0.000000	1.000000	0.069840	
TS_DHN_SEASONAL	0.000000	0.000000	25.000000	0.000000	0.000000	0.000000	0.000000	-1.000000	1.000000	0.000000	1.000000	0.081224	
TS_HIGH_TEMP	0.000003	0.000000	25.000000	0.000000	0.000000	Infinity	0.000000	-1.000000	1.000000	0.000001	1.000000	0.081224	
GAS_STORAGE	0.000028	0.000001	30.000000	0.000000	0.000401	Infinity	0.000000	-1.000000	1.000000	0.000007	1.000000	0.075785	
H2_STORAGE	0.000021	0.000001	20.000000	0.000000	0.000002	Infinity	0.000000	-1.000000	1.000000	0.000001	1.000000	0.090037	
DIESEL_STORAGE	0.000023	0.000001	20.000000	0.000000	0.001604	Infinity	0.000000	-1.000000	1.000000	0.000105	1.000000	0.090037	
GASOLINE_STORAGE	0.000023	0.000001	20.000000	0.000000	0.001604	Infinity	0.000000	-1.000000	1.000000	0.000110	1.000000	0.090037	
LFO_STORAGE	0.000022	0.000001	20.000000	0.000000	0.001596	Infinity	0.000000	-1.000000	1.000000	0.000103	1.000000	0.090037	
AMMONIA_STORAGE	0.000023	0.000001	20.000000	0.000000	0.001598	Infinity	0.000000	-1.000000	1.000000	0.000000	1.000000	0.090037	
METHANOL_STORAGE	0.000022	0.000001	20.000000	0.000000	0.001588	Infinity	0.000000	-1.000000	1.000000	0.000000	1.000000	0.090037	
CO2_STORAGE	0.000036	0.000000	20.000000	0.000000	0.000001	Infinity	0.000000	-1.000000	1.000000	0.000000	1.000000	0.090037	
PT_STORAGE	0.000000	0.000000	25.000000	0.000000	0.000000	0.000000	0.000000	-1.000000	1.000000	0.000000	1.000000	0.081224	
ST_STORAGE	0.000000	0.000000	25.000000	0.000000	0.000000	0.000000	0.000000	-1.000000	1.000000	0.000000	1.000000	0.081224	
TS_COLD	0.000000	0.000000	20.000000	0.000000	0.000000	0.000000	0.000000	-1.000000	1.000000	0.000000	1.000000	0.090037	
CAES	0.000015	0.000001	50.000000	0.000000	0.000000	Infinity	0.000000	-1.000000	1.000000	0.000011	1.000000	0.067014	
EFFICIENCY	0.000000	0.000000	1.000000	0.000000	0.939850	Infinity	0.000000	-1.000000	1.000000	0.000000	1.000000	1.064000	
H2_INFRASTRUCTURE	0.000000	0.000000	60.000000	0.000000	0.000000	Infinity	0.000000	-1.000000	1.000000	0.000000	1.000000	0.065586	
CHARGING_STATION	0.000000	0.000000	10.000000	0.000000	0.000000	Infinity	0.000000	-1.000000	1.000000	0.000000	1.000000	0.138454	
DHN	1303.952201	0.000000	60.000000	0.000000	1.120000	Infinity	0.000000	-1.000000	1.000000	0.000000	1.000000	0.065586	
GRID	105613.398882	0.000000	80.000000	0.000000	1.000000	Infinity	0.000000	-1.000000	1.000000	0.000000	1.000000	0.064451	
HVAC_LINE	0.000000	0.000000	40.000000	0.000000	0.000000	0.000000	0.000000	-1.000000	1.000000	0.000000	1.000000	0.069840	
PT_COLLECTOR	0.000000	0.000000	25.000000	0.000000	0.000000	0.000000	0.000000	-1.000000	1.000000	0.000000	1.000000	0.081224	
ST_COLLECTOR	0.000000	0.000000	25.000000	0.000000	0.000000	0.000000	0.000000	-1.000000	1.000000	0.000000	1.000000	0.081224	
H2_ELECTROLYSIS	0.000001	0.000000	15.000000	0.000000	0.000000	Infinity	0.000000	-1.000000	1.000000	0.000000	0.895000	0.105671	
SMR	0.000001	0.000000	25.000000	0.000000	0.000000	Infinity	0.000000	-1.000000	1.000000	0.000006	0.855000	0.081224	
H2_BIOMASS	0.000001	0.000000	25.000000	0.000000	0.000000	Infinity	0.000000	-1.000000	1.000000	0.000001	0.855000	0.081224	
GASIFICATION_SNG	0.000000	0.000000	25.000000	0.000000	0.000000	0.000000	0.000000	-1.000000	1.000000	0.000000	0.845000	0.081224	
SYN_METHANATION	0.000000	0.000000	40.000000	0.000000	0.000000	Infinity	0.000000	-1.000000	1.000000	0.000004	1.000000	0.069840	
BIOMETHANATION	0.000000	0.000000	20.000000	0.000000	0.000000	0.000000	0.000000	-1.000000	1.000000	0.000000	0.845000	0.090037	
BIO_HYDROLYSIS	0.000000	0.000000	15.000000	0.000000	0.000000	0.000000	0.000000	-1.000000	1.000000	0.000000	0.845000	0.105671	
PYROLYSIS_TO_LFO	0.000000	0.000000	25.000000	0.000000	0.000000	0.000000	0.000000	-1.000000	1.000000	0.000000	0.845000	0.081224	
PYROLYSIS_TO_FUELS	0.000000	0.000000	25.000000	0.000000	0.000000	0.000000	0.000000	-1.000000	1.000000	0.000000	0.845000	0.081224	
ATM_CCS	0.000001	0.000000	40.000000	0.000000	0.000000	Infinity	0.000000	-1.000000	1.000000	0.000000	1.000000	0.069840	
INDUSTRY_CCS	0.000001	0.000000	40.000000	0.000000	0.000000	Infinity	0.000000	-1.000000	1.000000	0.000001	1.000000	0.069840	
SYN_METHANOLATION	0.000001	0.000000	20.000000	0.000000	0.000000	Infinity	0.000000	-1.000000	1.000000	0.000001	0.944000	0.090037	
AMMONIA_TO_H2	0.000001	0.000000	25.000000	0.000000	0.000000	Infinity	0.000000	-1.000000	1.000000	0.000002	0.855000	0.081224	